-1.039139710497395674e-01 1.416040446279155096e-01 2.125699382657223691e+00
-6.836817997182327578e-02 7.384314920938817028e-02 -1.541546159566994589e+00
1.886493619864744620e+00 8.354478167651065990e-01 -6.943383639023953391e-02
8.687134435877420513e-01 -1.375908447362352183e+00 -1.116801203011135030e-01
-2.543831941656578444e+00 -2.148523244106788965e+00 -1.585614724565906630e-01
-9.069768663080715609e-02 4.523045817866466756e-01 4.156411186868826935e-01
-5.285933978947982004e-01 -3.603270286287074131e-01 4.581416818335972141e-01
-9.846058306789980119e-03 4.771970539290880386e-02 -1.539706266878202723e-01
-7.384710568879263026e-02 7.534456360766036975e-02 6.605603911328953304e-01
2.218545397366638583e-01 3.322326294942294367e-01 -8.646327225252991022e-01
1.443873005159518996e+00 7.659011205397058264e-01 1.810535471310687594e+00
-1.098896783472537164e+00 2.352941714259440875e+00 -2.143066671048688976e-01
-4.032440080045546771e-01 9.064529048295478786e-01 5.069453297339288067e-01
-6.604070398327724356e-02 7.189109173285236631e-02 5.730800422900209634e-01
2.611559068241738890e-01 3.101409099167307115e-01 1.459572083853153179e+00
-1.328418438831173942e+00 -2.133658585287548703e+00 1.718204983739710090e-01
-1.453838335254922787e-01 1.133130659406951651e-01 -1.352149587437899925e+00
8.811688922766134358e-01 -1.607468257582685967e+00 -4.158423088405300838e-01
-6.617651883898152676e-02 7.180905719192090531e-02 5.943938936723230926e-01
2.331607858004298151e-01 3.289917182299744169e-01 3.319749583815860827e-01
2.438011857709818209e+00 6.918658588317698754e-01 -6.743116242615542211e-01
-6.946196650195378408e-02 3.542582678792265127e-02 -9.286207489665586345e-02
-1.953107725084149315e+00 5.977580210474139344e-01 -5.276809501339575492e-01
5.706520718234012746e-01 1.667992220388637703e-01 1.844708903570075886e-01
1.007510321112801810e+00 7.238724553268603978e-01 9.313055894450003036e-01
1.288034769972072890e+00 8.971673239904841557e-01 -9.383860113481048287e-03
1.619844089339961046e+00 -2.077887218139524983e-01 6.417658389186723378e-01
-7.180806593224815793e-02 6.851527922347742938e-02 1.314659176519859418e+00
3.883303940060037762e-01 1.899661409996893646e-01 1.389816656091122482e+00
-1.310310649294917085e-01 -7.788307967340809546e-01 -6.447400933900011843e-02
7.744924552382125293e-01 5.345990810769361001e-01 1.010234417030387410e+00
-1.675258238382661302e+00 -3.006017539676165473e+00 -4.709734025508850036e-02
-2.614478378131543934e+00 -2.325506750329259464e+00 -1.401994713337969545e-01
2.530265473848933300e-01 8.295183601456247446e-01 1.090545196984498366e+00
-8.325749537540729286e-03 3.414061897978876159e-02 -3.063285774255804839e+00
1.527767067943189838e+00 1.054198571463292877e+00 6.308580888726137426e-01
-1.044451832860040064e+00 -5.670391232937256332e-01 -1.997049583772563808e-01
-6.401892497763336798e-02 7.128877590334815884e-02 4.045730621660444393e-01
1.280449578416137157e+00 7.876942343881883080e-01 6.416580466339404376e-01
-2.112408658585466781e-01 -1.566273312691826916e-02 -1.097079874843863712e+00
-5.170691212934682701e-01 -2.722011495700753514e-01 -2.213314587940057088e+00
-7.226138775827668781e-02 -2.904785342545902760e-02 -3.347386160258933430e+00
8.976356486264468471e-01 6.579491336254953415e-01 6.156345015791319097e-01
-2.578704563449759402e+00 -2.851465558329689287e+00 -7.851188150018624523e-02
-6.565446188667044547e-01 5.382724055214677117e-01 1.684485345944166379e-01
1.604552225972062304e-02 3.499086142194032106e-02 -4.404452068603296189e-01
7.623345273870568706e-01 7.974468652136899038e-01 3.882882625907653658e-03
-1.442273632158155572e-01 -2.752683969919182422e-03 -2.427099341385445530e-01
1.265629861085505681e+00 7.624735351200623290e-01 -4.499323098714098079e-01
-4.949317540457037201e-01 7.112912735295806588e-01 5.125297992557962257e-01
-6.881390606814844491e-01 4.960173249756209546e-01 3.610724795908797080e-02
-1.399099043416813237e-01 -1.024347416853830239e+00 -3.622875086966484415e-01
-9.736950184254323792e-01 -2.877063981084110988e+00 -4.092554097649906547e-02
-7.021008378399001826e-02 7.563879416117821886e-02 -3.869719419061866117e-01
-5.020613526241981539e-01 2.615044989362359740e+00 -2.809430283707455844e-01
-1.308375628273996394e-01 -2.900649912062548963e-01 4.756206153928150271e-01
-1.343533052456905852e-01 3.469808926024856716e-02 -1.392282866177069423e+00
-8.704452946691489945e-01 -5.737816333634920829e-01 5.525718691386329873e-01
-7.886752127056276818e-01 -3.211630985476064681e-02 1.090238403558640767e+00
-7.534046851813805956e-01 8.327811472874723231e-01 4.527271924530731351e-01
1.498520088249564619e+00 9.962398921928167228e-01 -2.435500743921076960e+00
-9.955416782897574812e-01 -1.426201178892853860e-01 6.123178158942619298e-01
-4.274658380375092603e-01 2.470131884277944945e+00 -3.493095940022779566e-01
-1.047332107107374899e+00 2.301831643064994104e+00 -1.847992201285752478e-01
-3.633858554248051154e-02 5.964315247079023802e-02 -2.015033444032654497e+00
1.259293348587422923e+00 -4.438327223413031097e-01 -2.589064158996167153e-01
-5.953340089744407065e-02 -3.071515989542701608e-02 -3.283046603829806287e+00
-8.904539761816814220e-04 4.335510321667707112e-02 -1.938468622863602220e-01
-1.222097209876889190e+00 1.675382621032805441e-01 -1.000192062140969201e-01
-1.049404305674847881e+00 -1.992510318735546848e+00 -5.713755201272434636e-01
1.251094946144577502e+00 4.785387744209555066e-02 4.611971785207606978e-01
-2.857872680673230636e+00 -1.150784884925611262e+00 -2.389620793146551292e-01
-1.837803738821256472e-01 1.295092365089401676e-01 -8.624119250688017102e-01
-1.729637880673071948e-01 4.948764089976182695e-02 -1.067410225354416542e-01
2.414706210164929701e+00 6.795967728880283332e-01 -6.779475409435737898e-01
-1.605538632462490470e-02 5.048408712377597946e-02 -1.915776964969836127e-01
6.815669316660671884e-01 5.781732770412051359e-01 -7.227905133552191552e-01
1.991589234666695518e-01 1.483808269058966844e-01 -1.618196147696441489e+00
-1.833315943589604313e-01 1.250319735631475748e-01 -4.759378895454092762e-01
1.736511674923275350e-01 2.567347919669175305e+00 -2.935823647348086984e-01
-3.653548428780644675e-01 -9.878551716598564791e-01 6.636836034861263167e-01
-1.500227410895499824e+00 5.637129573593374632e-01 1.122400581035209788e+00
-4.923162960554637313e-01 -2.933288721420020950e-01 -2.860376471865665238e+00
6.807956486394193263e-01 5.069395860560232947e-01 1.251531592318051667e+00
-3.619740068549001655e-01 -2.719910593294791123e+00 -3.331098342501478959e-02
-8.417948201809202780e-02 8.712764047104390452e-02 6.741670941550315099e-01
6.868891479341709960e-01 -1.675553645185373863e+00 -5.984446890388362555e-02
-2.583277753975249169e+00 -2.238890671421969625e+00 -1.493866906808549444e-01
3.696256450340802968e-01 -2.326471476530784344e+00 -1.432135094499166761e-01
-5.169096864628822674e-01 -3.025316892441811678e-01 -2.765335461613672496e+00
-1.053875949386381440e-02 4.468369818200917248e-02 1.285045833297481788e-01
-5.548030405010958427e-02 1.066799076952459346e+00 2.478790108896188893e-01
-5.041907842077762991e-01 -2.628995264207838467e-01 -1.998608940130765621e+00
-1.474605743958284920e-01 1.373844634777682261e-02 -1.477742800656920874e+00
-2.551385892161959212e-01 -2.208519021140383787e-01 1.718794563315104940e+00
-5.865491952315703833e-02 1.269738222968002095e-01 -1.783086558471556282e+00
-6.628462564718584638e-02 7.215433145979431584e-02 5.787750680014094318e-01
-3.405979295674791962e-01 -1.019936146138741284e+00 6.658394491812842375e-01
-2.391941976959433558e-01 -9.374644522400135127e-01 1.848459135352016960e-02
-4.260150265021199756e-01 -2.347460287280019209e+00 -4.476216855109285131e-01
1.915087769797495787e-01 -3.190840720191360225e-01 3.462007760649244981e-01
-4.398367998930831080e-01 -8.321070333692605347e-02 -1.030374415959509626e+00
-2.605130419672465614e-01 4.334343608194769770e-02 1.948300920993103924e+00
-5.790680224112080415e-02 6.843251548661281880e-02 3.159097620955416130e-01
6.532529409811135279e-01 5.434460505704120648e-01 -5.055572746635728087e-01
1.688740376520666331e+00 1.013442717727959019e+00 -3.821461642347334653e-01
5.504392782999707467e-01 -1.868096733938390042e+00 -2.622847753550730521e-02
1.706518849099064039e-01 -4.268682286593042906e-03 7.252247063686894091e-01
-6.948339608756985974e-01 -2.520662272425773787e-01 -2.824391814137333867e+00
-9.103312561355286769e-01 2.540715772737054401e-01 2.234889335346161576e-01
1.966512189843132807e+00 9.006229834530514733e-01 -1.790573976405120282e+00
-3.429261222405656007e+00 -1.606246125221583387e+00 -1.178919094117746091e+00
-1.076277578729859102e-01 9.441230770695542562e-02 -7.530580341343062756e-01
1.376680990014145900e+00 -6.134334844767024286e-01 -1.979070383455940885e-01
-1.849995279713485541e-01 1.256025693701628421e-01 -4.698241322663541664e-01
-8.877765520934895183e-02 3.875205397476811503e-02 -1.885194359050615387e-01
1.965120227475012846e-02 3.914618436925795114e-02 -8.542680797600992193e-01
1.992101506499085670e-02 5.962200578913094684e-02 7.935042090009659654e-01
-4.763983507310060733e-02 7.538138800160094910e-02 9.225467753322336151e-01
-4.463636348812421994e-01 -2.460445273392608267e-01 1.156941098538266655e+00
-8.864547419595533717e-02 7.116080201947257156e-02 -1.666205172984771332e+00
1.379315979906724499e+00 4.334023651610808270e-01 5.029487234836855780e-01
-2.338728898884171736e-01 -8.599039818210793551e-02 -2.877608035950847576e+00
-4.863606293081890707e-03 2.191033515515093399e-01 1.640787497959609320e+00
8.348337692010709965e-01 1.243596273617507686e+00 8.984317064985780643e-01
-6.452130367459313343e-02 1.123837057412643420e-01 -1.746784051698394125e+00
-1.195622044231116621e-01 9.324377124593433153e-02 -1.154099229576042163e+00
-1.443313819514516760e-01 1.176000087514938314e-01 -7.809729578953558682e-02
-2.745796454826834876e-01 -9.551150040697471422e-01 -3.786885194082720840e-01
-9.347666752422639780e-02 -1.017128741848622342e+00 -3.602242538102026215e-01
-1.808346904735241012e-01 -1.162787814358718474e+00 -4.953722857063408980e-01
-2.291012007276767293e-01 1.896741433899031826e+00 2.742093493703155471e-01
-8.487353581210809184e-01 -1.759152035741689268e-01 2.713335064910895045e-01
-7.903540478448978224e-01 -1.895005886358163583e+00 -5.322013163319627704e-01
-1.281748648873586860e-01 1.116880528340658679e-01 5.498673883530991180e-01
4.921233771850542782e-01 5.948671238245375470e-01 3.540806684711618191e-01
-1.228118687325776247e-02 3.848480367025414184e-02 -3.092251495903588498e+00
1.901103028572665998e+00 8.710613808760787613e-01 -1.807073105734912311e+00
7.220756428553906092e-01 -8.131722785634344364e-01 -2.916172284665312087e-01
-8.229096409461195138e-01 -5.706730711586109894e-01 2.587453023646337780e-01
1.495607109421583925e+00 -4.066316987135753513e-01 2.400543965781268829e-01
4.778301127566093598e-01 -1.961718562642387864e+00 -1.010109339285152757e-02
-2.454547073831533588e+00 -5.402925815640292617e-01 5.529289269360485731e-02
-4.170530629474930029e-01 -6.432963339303961192e-02 2.012795770173853860e-01
-1.081230696553281499e-03 4.179425935097890593e-02 -1.101318195617935827e-02
2.054800930649664625e+00 9.673447746862794405e-01 1.422223439136907297e+00
2.099161060439056481e+00 9.778448313292682492e-01 1.165047631133002248e+00
-1.823217395018741360e+00 -7.615065600783206268e-01 2.718558844864416568e-01
1.399355257460671353e+00 3.103509183415377737e-01 5.851513962305198158e-01
2.055257886317978677e+00 -3.244469434091745708e-01 -6.653122232953800376e-03
9.588549897333097372e-01 7.775904957274486495e-01 5.249411134790120670e-01
-9.619972258546188870e-01 2.111735006621962452e+00 -1.770754883399491830e-01
-1.527042088243457940e-01 3.024006104442407937e-03 -2.611631441177015289e-01
-1.032730521153425035e-01 1.145075706726236708e+00 3.028420204972177010e-01
-5.282214841291943408e-02 6.466731235623311702e-02 1.785437834342878061e+00
4.647505516539338632e-01 -1.133151922759769586e-01 8.558109134957483377e-01
1.232316056796775583e-01 1.218916913357574600e-01 -1.579475224278066081e+00
1.835851838602782227e-01 9.332644602086022714e-03 3.100088254812529143e-01
-4.638010813535391463e-01 9.262359011640969308e-02 5.464484381929533008e-01
-1.517998363237266224e-01 1.148826601574303163e-01 -8.382747449972602904e-01
-1.150984833966987864e-01 -2.626779398231057078e-02 -1.568741086144189445e-01
-3.303542289832507584e-02 2.425393438066214546e-01 -1.425355750264556409e+00
-8.338983800395612933e-01 1.069833625771512864e+00 3.945856923975284980e-01
-8.538477199967697828e-01 -6.172854619214986904e-01 -3.627698100733361408e-01
4.016234433433674145e-01 -1.213068149558698405e-01 8.538374855132560004e-01
2.818292898582417938e-01 -3.197950656042499951e+00 7.209190568741900840e-02
-1.733385280537491635e-01 1.201058905288840128e-01 -4.029998254782947709e-01
1.672197208643604327e-01 -3.235074634286585343e-02 2.843901924704704820e-01
-9.512028973238344509e-01 -6.256789605149774836e-02 9.446607771360241435e-01
-1.011375237620085077e+00 -3.850908866532586905e-01 -3.218059779606078918e-01
-7.039807961569736205e-01 -2.220722114853281026e-01 2.513034888592818872e-01
-6.549244802735174065e-02 7.183749583277097839e-02 5.764506241172264733e-01
-9.936848857172456140e-02 7.047025348368553266e-02 -7.722215676309067689e-01
1.225505428718658418e+00 -5.472673405341416109e-01 -2.443848604094245036e-01
-1.335862111306533768e-02 7.170186539175814333e-02 2.107210756002839414e-01
2.131851004866067156e-01 1.538931834594166048e-01 -5.835196034569973406e-02
1.462287300208882715e-02 3.795577203066451133e-02 1.026559420361728758e+00
-6.642498280574092584e-02 7.230636880902159558e-02 5.801653120842870104e-01
-4.462614330667614704e-01 -2.629461949596610948e-01 -2.928090755979166460e+00
-5.133853136691347574e-01 -2.251972695601813998e-02 9.813543764294803129e-01
3.281775956959907870e+00 1.637621663900790558e+00 9.899100435440748580e-01
-6.247181662146180509e-02 -6.729982177599078685e-01 2.608389602032108456e-01
-5.997218735430501213e-02 7.098725339061942585e-02 -3.792592657365644881e-01
-4.029674825991803183e-02 -3.567041076645369180e-02 -3.140648849807514686e+00
-1.550880447075458912e+00 -3.236620644850097595e+00 1.092608965957274081e-01
-1.154604040051502301e+00 -2.127828299313105465e+00 -5.939732052600705803e-01
2.165088044236240794e+00 1.019590568525358565e+00 5.902742936612670466e-01
8.143988570674958183e-01 7.781742170609993181e-01 9.721298443684860402e-01
-1.100824183417796892e-01 8.884599065536746831e-02 -1.239191564725834471e+00
-1.241217680400242135e-01 1.273887347750028709e-01 2.251649139587360793e+00
-9.644097437458877542e-02 4.304633410074809041e-01 -1.764121512029447059e-01
5.115585284578307856e-01 2.730416091197676587e-01 1.023787223910157751e+00
-2.452181997568351479e-01 -4.563277438057364820e-03 -7.635995668026849259e-01
-1.204397773368335450e-01 -3.178197352564324923e-02 -1.511003116180200112e-01
1.228623719636165790e+00 9.089573282150918976e-01 1.653374320133655262e+00
-2.258404531083738398e+00 -5.203333954531235150e-01 -2.850875035244462286e-01
-2.304707403808942345e+00 -1.757514901940465668e+00 -1.923184229666193013e-01
-1.552937756882536713e-01 -1.489270223590549551e-02 -2.783841185782816030e+00
-8.061104888655917788e-02 6.428849507603788538e-02 -2.638095829037315765e-01
1.542741223571261644e+00 1.396842629670083324e+00 7.035087068470589067e-01
-1.806938790846739362e-01 1.248339968709962639e-01 -9.697619850687345666e-01
1.170834725653718600e+00 -1.823953400558951943e+00 2.854382264524156151e-02
-3.462935231311522477e-01 -6.823848811957619609e-02 -4.490279989358450519e-02
-9.818970547105759783e-01 -1.903672264648043413e-02 1.122900847792676071e+00
3.602407930826327931e-01 4.485856825971374362e-01 1.069936141310213973e+00
-6.616925115438521132e-02 7.212625741691082448e-02 5.779749175799209215e-01
-4.646173331785625193e-01 -7.224037934925197080e-01 6.458564179300070318e-01
5.528965633113799155e-02 -1.738761076684521623e+00 -4.916382504061225789e-01
5.758307513209344197e-01 5.747613693338026186e-01 1.438624449848530995e+00
1.981064718926038859e-01 -1.116920021591604334e-01 3.346435084055629505e-01
-2.650186783652061617e+00 -2.692158854990023276e+00 -9.812869537375300266e-02
2.767155652916801767e-01 1.963648805493768634e+00 -3.753359029618450471e-01
1.057781803852017921e+00 7.594397154969219077e-01 1.083552517998914055e+00
-1.804704785458062455e+00 -3.938426960792276721e-01 7.985510990514307350e-01
-9.716496194448692725e-01 -3.379833718610094628e-01 3.245635478283044884e-01
-2.669036078694314029e-01 -3.539112872928397435e-02 -2.135866699207703001e-01
-6.055269366058127489e-02 6.881023897292842806e-02 5.246426117673692602e-01
1.356674871271127403e+00 9.533675473010774226e-01 2.306438150334760157e-02
-2.051355565763478550e-01 1.401226831174229859e-01 -1.083752326200212446e+00
-6.616334616066166241e-02 7.213391397406818117e-02 5.778698891998865772e-01
-1.671084062817704621e-02 5.949585489506813152e-02 1.266976291990544956e+00
-7.342983966361054105e-01 2.547940734869351243e+00 -2.741880451926024254e-01
-1.711573142174942774e-01 1.204420498477940804e-01 -9.468340133197844510e-01
-9.389895533777288250e-01 -1.939599133619912097e+00 -5.522161324876894151e-01
-7.506444285688523843e-02 6.957954066800804693e-02 1.251883990172060424e+00
2.969020134584960391e-01 3.214616765671413634e-01 3.231705398406681806e-01
1.989422556199532954e-01 3.001903023990778463e-01 -4.610786235909896530e-02
-3.950083586782000555e-01 -1.567256837563094640e-01 -2.448961827858337215e-01
-4.104168592993868298e-02 7.072948263307557437e-02 1.601339667595329974e+00
-1.848328254561662498e-01 1.256824163233350444e-01 -4.778366921000289924e-01
-2.424528457720058205e-01 1.116912452538866389e-02 -6.059574962013440924e-01
-1.704989719154818449e-04 4.396179422171987705e-02 -1.563199457145867111e-01
2.452237795216760663e-01 -1.862041126424805348e+00 -3.145493460725887203e-01
-6.642134896345529282e-02 7.216782158431636618e-02 5.790680419035655335e-01
-6.637910554680023778e-02 7.214849789244974498e-02 5.788483114769331639e-01
5.792529223001886551e-01 5.662764456143810632e-01 1.336397287279375901e+00
-1.461106019840597015e-01 1.120125450182264670e-01 -3.650845802908639359e-01
1.967456080378686689e+00 -1.066485185818509263e-01 2.341893907253951579e-01
-5.645498131518179585e-01 1.423945383606489701e+00 -1.670176390006070932e-01
-1.348433187949636514e+00 1.616263515418330687e+00 3.690306291956757523e-01
1.434034176382332354e-02 -1.706657221496043209e-01 8.139543401528500643e-01
-4.149831355314455017e-01 -1.664717518185333256e-01 -4.356387765220343100e-01
-4.738692964259549889e-03 4.329859053292339777e-02 3.014274153577814475e-02
4.122583370435409234e-01 6.423928324766081666e-01 4.085959255112810440e-01
1.339101054873663432e-01 2.442121192459875689e-01 -4.876582275843090453e-01
2.419941013448562508e-02 2.556991425660404826e-01 -1.002330456541678405e+00
2.508290821882937838e+00 2.527608200447688969e+00 2.895849514243621914e-01
-6.629688986492804359e-02 7.214339352101820091e-02 5.788414017150976809e-01
-1.163067359590647804e-01 2.148870517830009375e-02 -2.722251714567373693e+00
-1.070752220684486167e+00 2.419967944789069847e+00 -1.930246006270163461e-01
-1.947895533384459976e-01 -1.294064475936968460e-02 -1.217732608344803014e+00
2.904442214738892081e-01 -8.348123502307888688e-02 7.219315138740846072e-01
3.998914632605603536e-01 -3.084624130603541570e+00 -3.131129834752910401e-02
2.028254703401024261e-01 -5.411410010163880679e-01 3.626390994904844511e-01
1.764766262279841014e+00 1.154297118324389526e+00 6.719006922703830709e-01
-6.878289222348239751e-02 7.279602386898503807e-02 5.987553353479280194e-01
3.248539826050199086e-01 4.917661127648631503e-01 4.224002477221332486e-01
-1.358468144280300383e-01 2.778020757183632949e-02 -2.752603534440897448e+00
-6.045888502247773744e-01 1.491654141516761678e+00 -1.674557179014925234e-01
-9.575791286266677194e-03 4.694165334679220591e-02 3.408622940646523491e-01
-1.142009243503808585e-01 9.266260209808940829e-02 -2.389841905525410537e-01
-3.168398686571274325e-01 3.769206722255585840e-01 4.777921766501702638e-02
2.449507871194322728e-01 2.455247901766838048e+00 -3.051893826794593312e-01
-5.974598067156705605e-02 6.476830599106461750e-02 1.541567463744707878e+00
-1.285850348361544937e-01 4.701221194819557025e-01 3.316092550900530400e-02
1.883229066794933626e+00 1.201402445528879426e+00 6.922416491851253184e-01
-4.719504269254533591e-01 -1.830096511582886443e+00 -5.057452201857250973e-01
-4.564894372693473895e-02 6.459621575407777094e-02 -5.760230259431384781e-01
-7.666560461715894725e-02 9.667135666559797946e-02 -2.050171832825046780e-01
-7.398610015649999261e-02 -2.646321848873605526e-02 -1.444006065345916912e-01
-3.285236809281984888e-02 -5.126025492764257202e-02 -2.804674117740809880e+00
-6.934295816686751601e-02 7.311030731028256291e-02 6.077159145064875423e-01
1.321044593359888442e+00 1.009581989932105683e+00 2.034516783418641506e+00
-1.396628030657696418e-01 1.092627472057609572e-01 -8.133567618373881425e-01
-5.957791546552451689e-02 6.830563539661685390e-02 4.999153380344080189e-01
1.482922274437996402e+00 2.241096461369116721e-01 5.258172712807829274e-01
-2.267605520608233505e-01 1.293608451393183367e-01 -1.535599618524524201e+00
1.528124446339626241e-01 1.357850611902152171e-01 4.437127171521170754e-01
1.308113464721849528e-01 3.553437649672345211e-01 2.727216262367896160e+00
3.093197610335756687e-01 1.513708947738521826e-01 6.434191680379962308e-02
2.983841668836709760e-01 4.614115096254257087e-01 2.834049472181933371e+00
9.434911045193460355e-01 -3.505138745418801549e-01 -4.866494023551616865e-01
-6.639591206740574902e-02 7.213573696386084422e-02 5.789519579045881992e-01
-4.152529483216862438e-01 -3.837488015634045735e-01 5.023793591077724274e-01
-1.045126465674690586e-01 9.013083386553477627e-02 -3.568932345153316699e-02
-2.207497226782388910e-01 5.471269426102829542e-02 -4.320857769821022099e-01
-6.682515968824496999e-02 7.177332659185994834e-02 5.685900790441165142e-01
2.347437430101125599e+00 2.292394389474690097e+00 4.344577821389914996e-01
-5.895334882145037564e-02 6.835594991505937468e-02 8.494580784568726006e-01
-9.473791867712408887e-01 -1.244511077607917543e-01 7.928961499587372508e-01
-1.562184421987786953e+00 -4.264286387323907301e-01 9.603141516161765034e-01
-6.601799246894818340e-02 7.206901553722400156e-02 5.734421138105935123e-01
-1.754520060703581796e+00 -1.535593603384246553e+00 -2.002135168489374839e-01
-4.323133836561283139e-01 -4.653677008342551047e-01 -5.877069191342733367e-02
-5.953658050944712898e-02 6.866002461349382524e-02 5.113565216947922876e-01
-6.742037297188759881e-01 -5.545928427415657280e-01 -2.419774993831541599e-01
-5.518254601332709397e-01 2.290006272838292389e+00 -3.776230341320306327e-01
-2.216577290211562135e-01 6.158609499832249506e-02 -4.591485502181892331e-01
1.398290541668876008e+00 -1.927516971217775946e-02 5.279565335475111532e-01
-6.799253152479110829e-02 7.286930805887952001e-02 6.034843763535615579e-01
-5.715399630322973712e-01 6.249694251758091124e-01 1.685231600222892590e-01
-9.161426784222974629e-01 -3.136595835738921201e-01 3.129800230739496203e-01
-1.532511828515620511e+00 -7.621949210263484487e-01 -1.318607707411066365e-01
-3.482785094836071127e-01 -1.062403787295161273e+00 6.273608815139701533e-02
2.285880495052224348e-01 1.523593198427424245e-01 -4.303854614823393598e-02
-1.085389438279062840e-01 -7.359161584790230304e-01 -8.707584032896513448e-02
2.290707246916737549e+00 2.147514462804589908e+00 4.407511932260145260e-01
-8.011097668013128503e-01 4.222849552102808657e-02 1.451156508014100344e-01
-7.492811826396335029e-01 -3.076109034215315230e-01 -3.138292621018912598e+00
-9.102019013430232008e-02 -2.327013998294896080e+00 5.061617627408701026e-01
-1.111253310797985783e-01 9.402619846758952793e-02 -3.377550902476445516e-01
-9.630369589806346831e-01 -4.299117320039274465e-02 9.902569135885970208e-01
-1.974395328304872077e-01 1.325109715116049580e-01 -1.043248684226224965e+00
-7.957767498454947075e-02 1.607931998477883095e-01 1.988898535728152339e+00
7.265738853835795874e-01 6.184307253655586534e-01 -9.225544921542417898e-01
-9.504966700673007918e-02 6.343460665428088396e-02 -1.649665967036254122e+00
-6.620922341961488211e-02 7.213136178834235468e-02 5.782305787681407683e-01
-1.085057850169778432e-01 4.408320534229762805e-02 -2.469179791012358072e-01
5.012129794502240276e-01 -2.381186692351279888e+00 -1.453163268687276272e-02
-1.330433050991389199e-01 8.097844955738409123e-01 1.118423322118093921e+00
-8.828163573638279915e-02 9.117941759780422151e-02 -2.714365780265380890e-01
-1.876753985897093580e-01 1.280439173086753979e-01 -9.907579874062359959e-01
5.564124065687633403e-01 -1.426445459525835513e-01 8.434396758912272585e-01
1.547318502169332310e+00 -5.562678057686709643e-01 -1.667053177652931539e-01
-2.061607543332086012e-01 1.406116089814532788e-01 -1.274664900077756347e+00
-8.665412861949438328e-02 8.261683451294957181e-02 -4.209721160331127976e-01
2.312203140160679626e-01 2.403615112311591195e-02 6.457942300734261787e-01
-6.626418528428218435e-02 7.203073275143721810e-02 5.746361206571649616e-01
-6.597620328257569611e-02 7.128622371762233234e-02 -1.854398064600730978e+00
-7.387325926939130039e-01 4.536525004438655140e-01 1.755669712455115994e-01
8.644667437991727932e-02 -1.064920607011347498e+00 3.534988665239569006e-01
-6.399076269985080889e-02 7.117028156642259129e-02 5.535364718919779659e-01
-6.639954590969138204e-02 7.213938294344618418e-02 5.791661605217338638e-01
-4.408684577130048826e-02 6.313928230690350751e-02 -1.960561027515958399e+00
-2.979728585429242127e+00 -1.462890218023281452e+00 -3.982624927584157981e-01
2.469403712816779617e+00 7.045968903904975544e-01 -6.591654263007036274e-01
2.975499830462398965e+00 1.602383635688374941e+00 9.774393053690062505e-01
7.114207630225960477e-01 5.154901374082020427e-01 1.172843224444803267e+00
9.095728205583181181e-01 -1.312956234435062708e+00 -4.043909374273438329e-02
-5.908416714398374847e-02 -7.122282290336714450e-01 4.062949748174243814e-01
-5.825863893721520137e-01 -7.015637387108329959e-01 5.200904606649449091e-01
-1.478798289503759633e-01 1.106861376406536174e-01 -1.078592116055498540e+00
-6.217747539574920018e-02 6.948474519848769904e-02 5.042187377105089574e-01
-8.622624368951539719e-02 7.803493195269992078e-02 5.378112358886201205e-01
7.088101007956984327e-03 6.836193821780054414e-01 7.512219943285044499e-01
2.797316543947068190e-01 2.299962713923289659e+00 -3.252705325489048116e-01
1.366250045712663841e+00 1.092200981406575844e+00 2.552925811580926574e+00
-8.990232939896998510e-02 8.849123684052391525e-02 -1.256955180472993705e+00
1.151798388572573328e+00 -7.550542699845402828e-01 -2.134678220170648788e-01
-1.301022648325057644e-02 4.584968245732455594e-02 1.493181679546145557e-01
-1.479418213005752492e+00 -2.076143621734091838e+00 -3.408764065620750044e-02
-2.929055663955716926e-01 -2.387955907033901537e-01 1.606251126313659627e+00
-5.328228369324918695e-02 6.623945875869406696e-02 3.058809337559819652e-01
-3.830702782857636213e-01 2.602356615764917169e+00 -3.238941079896677788e-01
-2.742976693137805580e-02 3.308911846382692201e-02 -2.331106680037790646e+00
-9.228759347299636540e-03 5.186080901981145186e-02 1.251762378363626915e+00
-4.269145033087358432e-02 -2.083696633068376602e+00 -3.845175944994163042e-01
-2.431705296248340975e-01 -2.684034518652810064e+00 -3.135966668043885935e-02
3.622348640408017406e-01 4.784415157276480923e-01 2.135585869902843381e+00
-2.541515367194914443e+00 -7.469849879392143066e-01 -7.571895576301720943e-02
-5.550029018271815384e-02 6.374451492010012321e-02 -1.806011766315778200e+00
-2.535619558913940752e-01 -9.377638761269214973e-02 -1.459319993629895285e+00
6.450613519925568751e-01 -1.644530004789795274e+00 -4.617010162431888221e-01
-5.301247090300845871e-02 6.145301674301537065e-02 -1.888036167207054250e+00
5.605872371329171377e-01 1.119429886237044869e+00 4.153481447847265362e-01
-2.478286612139292688e-01 4.112996186828270229e-02 -8.721007931257053203e-01
4.558185672982448255e-01 2.418418679096102364e-01 -1.714290205653353327e+00
-6.433325233595454939e-02 7.134966376262032173e-02 5.609257712073737467e-01
-1.351052734012469836e+00 8.547200113578518055e-02 -1.293165964303523707e-01
1.119843087140921095e-02 3.708875808235204824e-02 -4.556010784877743691e-01
-3.505264951719889166e-01 -2.758018007450477427e+00 8.737768083751215609e-02
-6.639735552040573197e-01 -2.896654808042051568e-02 1.042447726744594405e+00
2.938159728913268820e-01 3.745413059401977995e-01 1.289281003221216082e+00
4.790410907006833474e-01 5.735534562931352554e-01 2.913622289571136559e+00
-8.582982683448752148e-01 -4.583265850354523163e-01 5.518104133834906833e-01
1.595080816805369839e+00 1.033966301480548688e+00 -2.329876742429692449e+00
1.379062973637089184e+00 -3.510419013495690715e-02 -3.093684066423681434e-01
4.940901943260307960e-01 2.591074042938374955e-01 1.100836596274143986e+00
-9.584684115971006668e-02 8.724613480796947207e-02 -3.822484287100396672e-01
-6.798248295155557841e-01 -2.987672793331079379e+00 8.789176711864948865e-02
-6.619559651099990449e-02 7.219954160680530642e-02 5.784019408618633618e-01
3.875400333073125148e-01 -3.112759425961949322e+00 -1.943618164336689824e-02
-4.404959888780383970e-02 5.388505689238222429e-02 -2.415227502672402160e+00
-4.549790207271972031e-01 -2.061954287298121413e-01 -1.003217669962361613e+00
-1.149640312318547380e-01 -3.505168802873504658e-02 -1.183964088129410286e-01
-3.312725817835748265e-01 -6.807551283155269251e-02 -3.765998752929738264e-02
-5.658862594940768098e-02 9.194507331327840538e-02 8.924824015513490583e-01
-2.481775100740391260e-01 7.655575802998673685e-02 -1.160043006713784353e+00
-1.339645648825083413e+00 -3.288465745531409468e+00 8.558805252006468356e-02
-1.656775808790147617e-02 2.589466165935933595e-01 2.595346221490281824e+00
2.095943293088776027e+00 -2.798241637126561709e-01 3.333643345983532819e-02
2.548448312221533452e-01 2.793823322378868879e-01 1.524445073896636638e+00
-3.466428262215572320e-01 -7.125043186512414195e-02 9.229881322243597974e-02
9.310649800289257441e-03 3.994428930317432680e-02 -3.573401192167312557e-01
6.468174062805657210e-01 3.151377249551830517e-01 -1.762133396657447282e+00
-7.679959246778488291e-01 -3.188088005594981178e-01 -3.373252162743721083e+00
-8.116574482864556961e-01 -2.811469251106437084e-01 -5.322289553793049244e-01
-1.263547641289433365e-01 9.977481449904751498e-02 -8.639306907220094534e-01
-4.368648064669708120e+00 -2.076832711878032534e+00 -9.610321919557197612e-01
-1.232891639246778692e-01 9.936099581470438091e-02 -5.256038757238101766e-01
-1.015629759254294343e-02 -8.915182709115732074e-02 9.774393053690062505e-01
-2.393322837030730510e-01 1.069851037511648228e-01 -1.384309001009679685e+00
-5.622206210812717014e-02 6.723116520922316208e-02 -1.813857109912807353e+00
7.683596913695939223e-03 4.549128266289567679e-02 9.612939558455719791e-01
-9.760011455904971100e-01 -3.161273924280917136e+00 8.095989403729701717e-02
2.748568549589079368e-01 3.818208688046577093e-01 -4.745365898435885965e-01
1.886019857675812483e+00 1.355679155415737691e+00 3.184456446921115069e-01
8.679371640279357480e-01 7.134959973922087029e-01 8.308948263746157581e-02
-1.985642070201082410e-01 9.277526286765029606e-02 2.369777046110703722e+00
4.551199611174349124e-01 5.489817413933706369e-01 3.404504722587907706e-01
-5.108199218495087374e-02 5.956403471353106938e-02 -1.966496512939485797e+00
-1.811079907530501965e+00 8.988674442768408435e-01 -5.253786174877215220e-01
2.067021996510649107e+00 1.605977842375667430e+00 3.816036318460201970e-01
1.831781581843714868e+00 9.374112821903357595e-01 1.850751667191944616e+00
4.454230529591041154e-01 -2.727681269611060610e+00 -9.226783537809822577e-02
-7.469878747616987003e-02 7.831056801028429826e-02 -1.448435736774071225e+00
-2.070642183732626096e-01 2.385728550388407587e+00 3.617518860698011318e-01
-3.782295461214708610e-01 2.640585441041201520e+00 -2.828763797345429931e-01
-1.745408756223790769e-01 1.203684010599129217e-01 -4.152301039411939731e-01
2.457688558655985178e-01 -1.153361587669088639e-01 6.635440262969142244e-01
-1.811426586078266343e-01 1.240621429901908185e-01 -4.740418508955785981e-01
-6.662711528327705524e-02 7.238439277242124381e-02 5.814864585487787840e-01
-8.355113517872820861e-01 2.510368185920639483e+00 -2.685994298136276659e-01
2.115736832057684147e+00 9.855265457433418641e-01 1.026190439079290195e+00
-8.328146874149153223e-02 7.221230253539419330e-02 1.055704795817449915e+00
1.557786239124040906e+00 9.903636668754296490e-01 -1.622285344755396874e+00
1.105061725923679017e+00 7.962579112669225800e-01 1.232010133157924958e+00
2.107841401215982735e+00 9.814966444941739532e-01 1.096312084219061900e+00
-6.614608540976106565e-02 7.212406982915157971e-02 5.779168755804475754e-01
1.932993527695096303e-01 -3.918425116720085644e-01 3.511039430690393592e-01
-2.113353457581610695e-01 6.573813656402135996e-02 -4.643516008863262656e-01
3.776550738103180982e-01 4.643126155911853625e-01 1.021935407736098922e+00
-2.662074444482681823e+00 -9.754559242445002276e-01 -1.616003857153549272e-01
2.465912953064255397e+00 2.317247938597350121e+00 -3.921882980116953715e-02
-1.132503211997436948e-02 4.790091057889920428e-02 2.201252614692461584e-01
-7.812485475197127327e-01 -2.498695245350732730e-01 3.311761899125074127e-01
-9.036165705785218979e-03 4.395122088089022799e-02 1.035879821222553954e-01
-1.262312134909937544e-01 -1.909305053741800373e+00 4.330661561037040808e-01
-1.515404708300852887e-01 1.100681529950499060e+00 2.776186258638671522e-01
-4.608636749292291390e-02 6.276885077977868710e-02 3.530220929567863819e-01
-2.649872102902588455e-01 -2.692225211818713770e+00 8.433462172164046811e-02
-1.948655814045171075e+00 -1.343062546363906318e+00 -2.144932306746419048e-01
-1.779008170523571630e-01 1.072394197242884095e+00 2.650580607848450065e-01
-4.799421545878868600e-01 2.385607868463722525e+00 -3.631982153076274145e-01
4.536169130990862497e-01 5.769511446801026677e-01 2.129933684714908182e+00
1.753202921873846520e+00 9.062112915953286080e-03 3.595131232324948467e-01
1.687399942944906694e+00 -3.270519958316236986e-01 6.847791063941753853e-01
-3.097102700786455443e-01 2.330066838264394313e+00 3.682512080597244442e-01
-1.216633727989665070e+00 -2.928714386454910112e+00 -4.324998486065145115e-02
-1.268594493164737935e+00 -6.291760951830115411e-01 -7.364188135290029857e-02
1.270366927905352272e-01 2.758129182118791434e-01 -1.209975709699348201e+00
-5.922179892083086206e-02 6.853642590515682254e-02 4.395654780936578687e-01
1.841199592606090896e+00 8.568821662211735246e-01 -5.751311525792617702e-02
1.089461640960685651e+00 9.813011310258501485e-02 3.923731866552155334e-01
-7.961818224219769924e-01 -3.910152389013291097e-01 5.127693911020380496e-02
4.349716682947059043e-01 -1.676042571049424224e+00 -4.803048590304703769e-01
-6.849263907035052501e-02 8.485291380012006945e-02 8.400317813500549624e-01
-2.446349680688383876e-01 1.411300366496721470e-04 -6.287279253802731116e-01
-4.883900302972746243e-02 8.877744623893794873e-02 9.296030241267476679e-01
-3.542952337760033377e+00 -1.658036171610967502e+00 -1.179112567449354554e+00
7.417142892965634671e-01 6.640594308330612927e-01 -7.624414907177009537e-01
-1.727258521592681451e+00 -7.093001428188877577e-01 3.919779482777836499e-01
-3.268252130474723627e-01 -1.243388115891773532e-01 4.189177277530578003e-01
4.127797934125566059e-01 4.671805431426299671e-01 1.965235365319053296e+00
-1.515545519689577847e-01 1.417811387531558776e+00 2.551660457297693085e-01
-2.576010069389637724e+00 -8.245331509894245903e-01 -1.085956026141980807e-01
-3.829313846571487379e-02 1.406812471917624208e-01 -1.812064717690601290e+00
1.919643699572035067e-01 -1.921254751872772504e+00 -2.399805782103966167e-01
1.633165300955094823e+00 1.036582291841814163e+00 -1.929626023742789798e+00
-1.554227770896567384e-01 1.155429470625544963e-01 -4.625384793786135318e-01
-2.971503484238680048e-01 9.374335226658746523e-01 -1.687492253185811641e-01
-1.940828517746481907e+00 -9.323382049258595039e-01 -3.482676019163017389e-01
1.256045147807959728e+00 8.506037893541927852e-01 6.680395173522444274e-01
-1.135986149903406850e-01 9.460262784194937991e-02 -1.556192958636459234e-01
8.157261179649480942e-01 1.494151913177109436e-01 2.817506634462760284e-01
-7.102815253015624941e-02 9.744831491785506394e-02 -1.716292654635597659e+00
-6.130989554833160549e-02 6.906946812229837473e-02 4.966359650634742939e-01
1.759069760255577597e+00 8.051118081216227518e-01 -1.830755623477169136e+00
-1.259006346813795925e-02 4.944899351602857762e-02 -2.796274097157709915e-01
-6.131363022978492290e-03 4.609833826586484662e-02 -1.194439287084039653e-01
4.805918328991405364e-01 -1.206424022602579308e-03 5.382424050276700678e-01
-2.018528342950835774e-01 1.385953822640265398e-01 -1.361570356735261278e+00
-7.402392745545472996e-01 1.873599058214218960e-02 5.366987642318482576e-01
1.338458874087586237e+00 6.085293385724886983e-01 -1.843607780505998495e+00
2.117442921014146773e+00 3.969775705896770313e-01 -5.908734860970743519e-01
7.011474366305572303e-01 1.170636211292858109e+00 4.594227516793940591e-01
2.241824699554799405e-01 1.615402610673290218e-01 -6.360061544198788996e-02
-6.073142319443770587e-01 -1.668684343987489882e-01 -2.300261503168605781e+00
6.752934563387082145e-02 -5.861237278612409229e-02 9.111622517189434944e-01
-6.541522887863794600e-02 6.644946718350111525e-02 1.433661858892594010e+00
-2.724125127853135875e-01 -2.306810985110733236e-01 1.686629621933838363e+00
6.526901496560204574e-01 6.033571519154107277e-01 4.569642584154858800e-01
-4.091262902160310855e-01 -2.028301895612869554e-01 1.879796674211068608e-01
3.108296225062255336e-01 3.733461538281193093e-01 -2.059555289408563361e-01
-5.098150636164591187e-01 -2.676578943935790100e-01 1.167278102256063432e+00
1.822274895336305489e-01 2.462556908104249487e-01 -1.614082943360952427e-01
-2.878019610805111927e+00 -1.074521929683555088e+00 -2.876068026925864274e-01
-5.137287117658161373e-01 -3.598402903524364205e-01 6.088670808296056114e-01
-7.093866916368773978e-02 5.341217333855959037e-02 -1.813021028729761897e+00
6.791122711972858994e-01 -2.274748151568017462e+00 -7.507168796838693814e-03
1.167628113290962097e-02 3.683864388196555345e-02 -2.680411210566575608e-01
-1.010569887321943749e+00 8.109719021669037353e-02 3.074149008852400389e-01
-2.689217530327896455e-01 -7.827779342463841994e-01 -6.007807026282309115e-01
-8.387605618665280871e-02 7.945139502634826489e-02 -1.664805255235299652e+00
-1.008261135614276077e-01 2.450214626932431639e+00 3.482474475229406230e-01
-1.351273136540589170e-01 1.207377387931581197e-01 2.327324851296899144e+00
-1.010209783543799394e-01 8.994926408157780107e-02 -2.105463747096572302e-01
1.852153155198321341e-02 3.445235023536045993e-02 -3.697721627254842991e-01
-2.032109828520263506e-01 -1.489561901959788985e-02 -1.157715798924904060e+00
6.752778217256844105e-04 4.273091150958041595e-02 -2.081998195875884305e-01
-1.155307642765445397e+00 2.227417199478896492e+00 -1.405366677117554364e-01
-4.126607569152129784e-02 2.210094696851010176e-01 -1.786260388976065039e-01
-1.091031786060056241e+00 2.500522493653471456e-01 -6.872213092035578397e-02
-2.450278772667586202e-01 2.554923265609737593e-02 -7.357933031922645473e-01
-3.694388273848894788e-01 2.298767561811231097e+00 3.706267841815147346e-01
2.937400155943808641e-02 6.990353131123946406e-01 7.686373580787316806e-01
5.506068892757306488e-01 5.923123859205309261e-01 1.721706336955948879e+00
-1.225942723483246510e+00 -4.285943506133189085e-01 1.103998503293721178e+00
-1.104361173820338937e+00 -2.303086163392061181e+00 -5.778002166892636238e-01
6.029187744623514256e-01 4.521051467026491744e-01 -1.934497278703411344e-02
-8.697721253844011846e-01 -6.216996494202799983e-01 5.519665740011628907e-01
2.117415212966671678e+00 1.289241750591130886e+00 7.325711651606315877e-01
-3.769190917446240685e-01 3.000134723886059285e-01 5.087639790511282456e-01
1.128115275659522521e+00 6.780311892488450898e-01 2.563343095674638916e-02
-1.686289675123053167e+00 -6.876364612461269843e-01 3.931691912195965366e-01
-4.375924480469868816e-01 -1.825133328518453446e-01 -6.936631032803070029e-01
1.065200192053578632e-01 2.244953907783311109e-01 3.443296125577078870e-01
-1.237730453650823570e+00 -4.932809560352000022e-01 -1.294285345722222536e-01
1.988513087234192872e-02 5.911412083118050553e-02 5.293177566306673798e-01
5.648079449559990639e-01 5.266891283400482182e-01 8.995317405840581593e-01
-6.635276019017301297e-02 7.215396686184785691e-02 5.791081185222299865e-01
-7.243234995423724065e-01 -2.828397534377894429e-01 -2.995241203526211038e+00
2.869248452133126293e-01 -1.148818972726606935e+00 4.262793880210808406e-01
-2.992443500450922556e-01 9.287856236584497438e-01 2.173516830652653942e-01
2.520347910610448050e+00 2.468637397240897258e+00 1.609472971371510575e-01
6.218592689530220152e-01 4.920621663081736763e-01 1.403098600306591948e+00
-4.524750499276317464e-03 4.610161964752381575e-02 -6.712321202978871471e-02
-5.585322711540874341e-02 2.493067648132284209e+00 3.170678381805256407e-01
-9.437716898350561046e-01 -8.439455291226186096e-02 8.957728301411952421e-01
-2.160656999628116082e-01 -3.492043276324069412e-02 -3.677676922233192869e+00
-3.319031542604775065e-02 5.811548701942721024e-02 -2.028829474529291854e+00
-2.756649024766001654e-02 5.446403845246790276e-02 -4.947946296162129554e-01
-4.276387534237161780e+00 -2.022213385320937196e+00 -1.044261655312510140e+00
1.429796408577777678e+00 6.504880009770583893e-01 -1.845802320867472091e+00
-4.742407568696203196e-02 6.344517999511052608e-02 3.275126341830847942e-01
-3.018548115021864042e-01 -4.807584745094130585e-01 4.931299519041336676e-01
-4.768747374624785484e-01 -2.422578129292351501e-01 -1.532969763166893484e+00
-8.536115202477400077e-01 -6.964819723477768676e-01 5.490534184079396418e-01
2.345320262735289596e+00 5.876630327377112550e-01 -6.193845454155428865e-01
4.034744317612607989e-01 -2.442547435184261762e+00 -1.249966133258217232e-01
2.271260739886808988e+00 2.095312785318642401e+00 4.401749190882658369e-01
1.097884887395408793e+00 6.625419741245411887e-01 1.196020461706315124e-01
2.309054516653107125e+00 6.254229850377650557e-01 -6.824540876178468718e-01
2.093244710956086330e+00 5.313585344106275254e-01 -6.696433891600915844e-01
-3.238418285250790896e-01 -2.030525943167364178e-01 1.127647854179118614e+00
-3.552687602032041092e-02 -1.674240816894161099e-01 8.071634262130888970e-01
-7.002339513618663358e-02 7.351938622114062571e-02 6.187894988368430882e-01
-1.840965181615896451e-01 1.295945524315305908e-01 -8.387833034689108347e-01
-6.110004115592910373e-02 6.907092651416467388e-02 5.330877226924731760e-01
-1.247949373247595195e-01 9.859023572779865296e-02 -4.869796889712541543e-01
9.507279014454544930e-01 -1.087686103618472400e+00 -3.632502154113452508e-02
1.780702731115799131e-02 4.075953034117798385e-02 -6.196291509847893231e-01
8.465942455514432474e-01 3.953438071320107272e-01 -1.798142929528422806e+00
1.207333491872915054e+00 1.015347012871758103e+00 2.877976210173143201e+00
-6.638455631022868730e-02 7.213245558222197706e-02 5.788897700479769259e-01
3.169494671576044698e-01 -1.572133975508903658e+00 4.773065972826074921e-01
8.283137476672131072e-01 -1.616652844786897969e+00 -4.297115828127217596e-01
-1.656197927935469383e-01 -2.023552073816438021e-02 -2.918217574170827167e-01
6.159769867415330058e-01 4.807702028965997743e-01 -1.688501078415080847e-01
-3.127131865033648261e-01 -1.934643971710844068e-01 1.238100397246745255e+00
-1.028279064344754246e-01 7.006080997490109208e-02 -1.235852767803078622e+00
-1.642598273154738664e-01 1.193303906684932275e-01 -8.707243685664987076e-01
-2.577345153041099013e-01 -2.849074774294569484e-02 -2.631794126235864062e-01
7.121747852983433269e-01 -6.824067570733544086e-02 4.400035569945432434e-01
6.355346793526264748e-02 -1.711320429401290977e-01 8.203237586201553855e-01
-1.060674768385069938e-01 1.244148639526535982e+00 2.504895189140918799e-01
-3.425094314526234279e-02 6.736606645432295648e-02 1.524015286709966110e+00
-1.584811096093259042e-01 1.105253499403893586e-01 2.502101749317602764e+00
-7.178717133906191428e-02 7.456724075745682634e-02 6.317618857217267569e-01
8.619117992761836655e-01 -1.476898525197058165e-01 3.600631402752501042e-01
7.542678517273349037e-01 7.367205228306876741e-01 1.246282069355896666e-01
-5.658475490806273989e-01 -2.502013976403030804e-02 1.002904541666844507e+00
9.461578905319676380e-01 -2.264105626084488843e-01 2.962791286983037509e-01
-2.100428233937270406e+00 -1.043674390102515392e+00 -2.415615317201851575e-01
-2.055016661873458050e-01 1.402670639094928950e-01 -1.314993034100913727e+00
2.376027037730913116e-01 3.847602575562242277e-01 -7.407033799581844713e-01
5.727392599903368131e-01 3.654467744320410438e-01 4.595277800593979278e-01
-1.147238695954285737e+00 -2.102980219159843678e+00 -5.923079526557848418e-01
-1.456484580065585677e+00 -4.333213631615716599e-01 1.015108563034750278e+00
-1.179410565302544123e-01 1.104648266790837635e-01 -6.463630195571327119e-01
-1.408456994942170803e+00 2.280123026981371037e-01 2.947147586169449052e-01
-2.244598756591996147e-01 -3.796149898956927005e-01 1.244333516515713639e-01
3.964779226567501369e-01 4.802867460019474843e-01 9.727738341723022319e-01
-6.411180498731818833e-01 2.184851846069284065e+00 -3.922993682875157706e-01
1.887565603341123666e+00 -6.558275658071799352e-02 2.830870113867877125e-01
7.387686058879494588e-01 6.537092239515204239e-01 -8.008625304720542459e-01
1.240039889429303877e+00 7.447380319657047609e-01 -3.544324914330251874e-01
-1.346480906177840220e+00 -2.279215570368913202e+00 3.352161507722901945e-02
1.768802905997722275e-01 3.658959591184786087e-01 -1.250831749527314019e+00
-1.022417121657051453e+00 -5.047267797857938332e-01 -1.264664965598508856e-02
-7.264430388988013521e-02 7.467333876376006097e-02 6.515528255937746982e-01
2.522929654720371673e-01 3.498029697728243237e-01 -7.483372848428569979e-01
-2.139570166194194378e+00 -3.554352178026586317e-01 4.970284395362085661e-01
-1.801933173088319518e-01 1.233209153380147999e-01 -4.380378458340593029e-01
-1.102972692673405836e-01 4.697847774073278526e-02 -1.608268201879747838e+00
1.458906210724851160e+00 8.990621395873331645e-01 -7.515460511023057052e-03
-8.695891714179383725e-02 -6.885960830762005713e-01 -1.081699612846654113e-01
1.722174450996162731e+00 8.884585371237870843e-01 -3.856793023551779304e-02
-5.428613262662861094e-02 6.687276541479428293e-02 7.973874951569904779e-01
-2.799103003502002807e+00 -9.675700349729440264e-01 -3.045288094472134444e-01
1.027922521732060446e+00 -8.265960462457285773e-01 3.880205507799724951e-02
-4.108391926267948024e-01 -4.960486191476859430e-01 5.395082733973860512e-01
3.075984654464147816e+00 1.581400658506504797e+00 9.119126518551428084e-01
1.896280919850109159e+00 9.513797592244807033e-01 1.800668331398225908e+00
-1.717787365886780826e+00 1.042242310569042818e+00 -5.194279305881437381e-01
-4.657375659044503402e-02 6.302662153732252470e-02 3.391279438419502190e-01
-5.100517175957713922e-01 -1.610578367141392020e-01 5.834861436262644974e-01
-6.463168163424788670e-02 7.145466797504394785e-02 5.573796814293076052e-01
-1.149135561631132285e+00 2.255796775470345850e+00 -1.580916086512252072e-01
-1.486893681602282496e-02 1.532525848441256000e-01 -1.760870292192459496e+00
4.580295595626197522e-03 4.124553942153597746e-02 -3.718989874208902813e-01
1.471332033605999567e-01 -2.153348947488716025e-02 8.020432926871002843e-01
-1.084899877961677771e-02 6.728713989223692460e-01 7.334929273905534952e-01
7.755267376007999314e-01 -1.385037251078723886e+00 -1.286214743888982881e-01
-5.152971689454315385e-01 -2.938695709163010039e-01 6.007702219014640077e-01
1.599664454627458987e+00 -7.477076210954568536e-01 7.515992673251579159e-01
-1.245662060310186994e-03 7.994722068801202175e-01 5.575524254753790876e-01
1.765600582477274971e-01 1.257028427052852004e+00 -4.782153470490311808e-01
-6.689919922495569937e-02 7.236616287441413609e-02 5.867461692639794890e-01
-4.320476589384683042e-01 -3.505943354771048990e-03 7.211824956902340711e-01
-6.856080895245545426e-01 -2.505520519157162784e-01 -3.274094316385400383e+00
-9.698304271470316040e-01 -3.476912460994656395e-02 1.011371763829834292e+00
-5.449008202532008155e-02 6.672911381863740055e-02 -1.832794003221000834e+00
3.622534874825500406e-01 3.410369410264001977e-01 4.357899842223957876e-01
2.772679093201864120e-01 -2.094879946287961925e+00 -1.923543537282068061e-01
-1.765238078546205180e+00 -7.293074558604767388e-01 3.895636774896777954e-01
2.154817443225909734e+00 1.012414186883489498e+00 6.633933934886983019e-01
-3.632875853368024543e+00 -1.762310094307161235e+00 -5.337048805090895964e-01
-5.310695080262285012e-02 1.129043516277835751e-01 1.917924740063052247e-01
-5.287314839019279233e-01 -2.959109548929791389e-01 -2.605924491980451840e+00
-7.194433501822250498e-02 8.005772143342448910e-02 -1.266403588817727632e+00
2.079136318254276805e+00 9.717549516074686089e-01 1.297571335480996568e+00
-1.266050450168580699e-01 1.124991828113134584e+00 2.902925110371384898e-01
1.348712567738206414e-01 2.984497117392153620e-01 9.899224811153666259e-01
1.496490840789746306e-02 3.474439320111906426e-02 -5.231674936978183421e-01
-9.613740219013925392e-01 2.618745658653882202e+00 -2.204231882886825700e-01
-7.994423882582998853e-02 5.785881005574288610e-02 -1.700893559391285725e+00
-6.724259732162457537e-02 7.257216072168937160e-02 5.959720832773836019e-01
2.622201683856866805e-01 2.324352405479352957e-01 3.236017089797180724e-01
5.706251713973988643e-02 -3.889067689000474948e-01 6.579664665368519794e-01
-6.614744810062130054e-02 7.214047673734591548e-02 5.778229028193562211e-01
-9.713039501967624112e-01 -1.455059107407504215e-01 6.890341377373970788e-01
-1.620741065154596372e+00 3.885331172437813674e-01 1.054719463778567734e+00
-2.191817197289061270e-01 -3.097523606419690712e+00 2.305590018528318741e-01
1.488086872796632099e+00 -3.179067852070578404e-01 2.626285885206887660e-01
7.600724605597899419e-01 7.932937298541113957e-01 9.922980572371874475e-01
-1.721241332986090722e+00 -1.548053463022826814e-01 -2.045929239053208559e-01
1.377891513727949713e+00 9.042784425975626261e-01 -1.314000665158531443e-02
-6.234236098978868101e-02 9.304214857419769447e-02 9.050871891061735841e-01
-1.146706338058375518e+00 -2.230141414181726844e+00 -5.904906852909341808e-01
1.690992249511011347e-02 6.073074818473939845e-02 8.159471154685001837e-01
-2.345601403120500250e-01 -6.934346932206042263e-04 -5.468334280116454726e-01
-2.071738140575014597e+00 -3.032443599799253153e+00 -5.157072007253276497e-02
1.271205992083822345e+00 -1.811599452252485032e-01 -5.147375842487952324e-01
1.481347458034349973e+00 -1.108146611924030633e+00 1.052905474404774999e-01
-4.202701226063729027e-03 4.913653306452372971e-02 5.225171690243426426e-01
-6.397077656724224626e-02 7.034920696105424753e-02 5.269311248899340994e-01
-1.662361832924596217e-01 1.202287600413079610e-01 -7.382987828366727179e-01
1.123201866649366609e+00 5.970364816850711742e-01 7.948239735130478989e-01
8.776322552651362185e-01 1.349630839861363674e+00 2.201971229923906648e-01
-1.170898643122724847e+00 -3.247969120945445543e+00 7.964427538229197634e-02
-3.858838815201767053e-02 5.305085676043831688e-02 -2.691617976410606516e+00
-1.098692379843575484e+00 1.863290300287389289e+00 3.733533762049345284e-01
-9.580505197335011103e-02 6.933526003498624579e-02 -6.622181590831389686e-01
-4.035806934860398237e-02 5.318502880964516566e-02 -2.607589744584676517e+00
3.563194230183968081e-01 5.114263285487458122e-01 2.250113790505723355e+00
1.068526621281550959e+00 -9.633654913010433196e-01 -1.805524804995684018e-01
-1.320874582231315486e+00 5.345556049577790403e-02 2.835886600966332494e-01
-2.725814864519338077e-01 -1.872061621539024279e-02 -1.210055348850651996e-01
-4.267736919198856366e-02 6.253368509574032397e-02 -1.974032299205928931e+00
1.606402960929163459e+00 9.031886592958542348e-01 -2.707008652800898044e-02
4.203000300375208664e-01 1.064098864462503347e+00 3.710800645584504953e-01
-1.226459738388554072e-01 1.073088667394123813e-01 -1.831021826197788971e-01
-1.154014449139499465e+00 2.020241336209059213e+00 -9.795681919373111154e-03
-2.888057846679240384e-02 2.466396124620316155e-01 -1.372069048880186326e+00
9.745840760977187989e-01 -1.170866940548940915e+00 -1.463477774220906802e-01
3.330990699282912471e-02 -6.003156144826555796e-01 2.629298541370597708e-01
-1.608685793348229032e+00 -2.684219369818405809e+00 1.576458129283314080e-01
2.096331659983807771e+00 -1.991904081290570006e-01 1.182684621348479570e-01
-2.361059868163536968e-02 1.458778619121587072e-01 -1.795840596882186890e+00
1.833747036293843724e+00 -4.475505277369327128e-01 -9.962120393190641854e-02
-8.777152504061860316e-01 -2.772219827178867835e+00 1.877820482323908913e-01
6.344691559393335067e-01 -1.540443850042869656e+00 -1.858329205003366180e-01
-6.206618897552930447e-02 7.025514068742684526e-02 2.534966472683760630e-01
1.351436233375755913e+00 5.064296287240937014e-03 5.061728183598435127e-01
-6.896640125927019915e-02 7.324484395743588450e-02 6.129935906025582026e-01
-1.163312643945366570e-01 9.605263392789943622e-02 -2.272859637515881881e-01
-7.050851308227083780e-02 9.715408436431711980e-02 9.721091150829489491e-01
7.633569997621970638e-01 1.553078235432722720e-01 2.610269057253631342e-01
-1.475845792640731458e-01 1.144695706690404269e-01 2.423272422302732654e+00
5.417043290495793251e-02 3.057631822139636468e-01 2.664269713926374461e+00
3.747474449066608149e-02 -2.250942092383747095e+00 5.204152194715506718e-01
-1.119479421288406412e-01 9.311433897021255401e-02 -2.385599311753572038e-01
2.718711992850892933e-01 2.356269764436099035e+00 -3.176145164263158294e-01
-1.927514220424792202e-01 3.716021928247395523e-02 -6.299302239410289328e-01
-1.963098621077077888e-01 1.357380280534115913e-01 -9.219837458259798613e-01
-4.457526951457704834e-01 -1.150025516337246090e-01 1.030407289842282248e-01
-4.815584067867533652e-02 6.204366543783042254e-02 -9.586367544145332764e-02
7.483735587585201889e-03 3.889424717905869133e-02 -2.380693380844851048e-01
3.609271350456879635e-01 -1.772852808911455247e+00 -2.801843365203313674e-01
-2.554456488899333189e-01 2.359052740662900050e+00 3.652869202288937522e-01
-1.819684492688717625e-01 1.283523671826283519e-01 -7.317110158951143362e-01
-1.516678269185305350e+00 -3.259233374912082315e+00 1.037510525017631552e-01
-9.805440035257964593e-02 9.383441994074938342e-02 -1.159208307483118316e+00
-2.754650411503892574e-02 1.538778703451219865e-01 -1.790945207506231540e-01
-3.487599935873931245e-01 -1.366990470228538757e-01 1.851881236363475958e-01
-4.712110408579286286e-02 7.367288196217390561e-02 1.672138469395716420e+00
8.988110957691369807e-02 2.440491439579841604e-01 -2.074713057074564659e+00
-5.157710319735189092e-02 6.586939182953581440e-02 -1.867377361247480883e+00
-1.757796624531206969e-02 4.284466607300081720e-02 -3.083637786789520607e+00
-1.955122337244326880e-01 6.524848150407802638e-02 -4.411071620449243391e-01
-6.220700036437948333e-02 7.017492913628806117e-02 8.740402471911655757e-01
1.648295610962681734e-01 2.798676121223318547e-01 3.050144496208052614e-01
1.758186282348144669e+00 1.181827181069600607e+00 -3.822912692334322626e-01
-1.818803285932635017e-01 1.287260800913719305e-01 -8.905097806290294127e-01
-7.005473702597225794e-02 7.357516970898125841e-02 6.200000891117832813e-01
-7.785705065889439447e-02 6.347835840946576547e-02 -1.756548413049097979e-01
5.819637686506081709e-01 3.936907199824778436e-01 2.966370543617993794e-01
-1.813984910982749041e-02 5.515349319437531234e-02 4.041073442177863795e-01
-3.452620669894405220e-02 1.950533763321435354e-01 -1.667587125353464650e+00
1.770754834378378773e+00 8.015894272324186609e-01 -7.695165727593479554e-02
-1.650913766172322328e+00 -3.042105445732766089e+00 1.357073190753708691e-01
1.617625174389927034e+00 1.027200821739330472e+00 -1.855462167924654127e+00
-3.945999501436045165e+00 -1.903248352434335766e+00 -6.206573235471248839e-01
-3.180763843364561860e-02 5.138099810476461776e-02 -2.931658956995118359e+00
1.147055770150180454e+00 8.462114777330038695e-01 -2.566663225185914943e+00
1.190502442833226704e+00 8.717012502954365472e-01 1.517041955057570002e+00
-1.643120991375409456e+00 -6.645847552405881320e-01 3.932894210756812670e-01
-1.790345758477173144e-01 1.246440413339688913e-01 -5.987381770273222381e-01
4.206134489352643668e-01 2.099942361249710343e-01 1.321260762985119408e+00
-8.827754766380206675e-02 7.313254778582146953e-02 7.900147792700245031e-01
-6.636275325647730816e-02 7.209234980666263948e-02 5.755233340778482809e-01
2.468905876422657908e+00 1.220213512664490185e+00 -3.967437271052385306e-01
-2.336703031805859587e-01 -9.727578993423032783e-01 -5.545101734197105392e-01
4.451178102064970443e-01 -2.834104132682062183e+00 -8.076860971824059710e-02
-7.224503546795375819e-02 9.747237838318664749e-02 9.275687902400233664e-01
-5.378656007351780843e-01 -1.314269605248038764e-01 -8.928770650366049111e-01
-6.832775347631105112e-02 7.299983412848091990e-02 6.069710421797749333e-01
2.130436178362344002e+00 9.947942612823852393e-01 8.827313456378647061e-01
2.435063903149778497e+00 2.468233058103523891e+00 3.943327951140367937e-01
9.581608250163206608e-02 1.467874448598377284e-02 -2.205351264305219772e-01
-3.296128243163355953e-01 -6.453271445662245309e-02 -3.527421387042519729e+00
-5.291920734125402648e-01 -2.926886381246576185e-01 -2.559571045629783104e+00
1.141047211919034021e+00 5.741907735267873791e-01 1.624644912340933445e+00
-8.535457576952958092e-02 -1.121678024966352577e-01 1.785797141958722412e+00
2.859659650782961915e-01 2.175228647519503955e+00 -3.432704621510955234e-01
-6.639727475826598391e-02 7.215943583122585991e-02 5.788662768577421680e-01
4.545380921203109326e-01 -8.880019992257015549e-01 -3.208054444456449050e-01
-6.710360285391722690e-02 7.247845904602855105e-02 5.894022817166035821e-01
-1.203929916173151760e-01 -2.071350866339844582e-02 -1.791207778456165023e-01
2.881711522805602277e-02 1.777308737042974929e-02 7.398720195244226083e-01
-1.557643582651828118e-01 1.234988391423663262e-01 1.840424851226858394e-01
-6.295420918582551872e-02 1.378714089915135776e+00 4.866610328662806517e-01
4.348640157167841247e-01 -5.745622375953344241e-01 -4.444915633958619328e-01
-2.297149666840616125e-02 1.398053939303938419e-02 7.641349572615354635e-01
2.535110849155244317e+00 1.177844677555202946e+00 -1.092975476308857941e+00
-1.012053958507329043e-01 9.962204795390719458e-02 7.021834145254901571e-01
-5.418938157558882834e-02 9.107404878743412258e-02 9.020040533716069397e-01
1.147000808285500772e+00 5.228309527299207504e-01 -1.832494119557009249e+00
7.017847217226561574e-01 8.057137593531804587e-01 1.010953032262106754e+00
-6.636320748675987591e-02 7.215651904755356061e-02 5.791164102364447785e-01
6.634380458584641926e-02 -2.221796131480890057e+00 5.220500691237357493e-01
1.384445602533301400e+00 7.311472784178553175e-01 1.780654897194847930e+00
-4.398327118205023756e-01 -7.369360279342938858e-02 -1.278928223135162412e+00
-7.517440192535762566e-01 -2.483170664224053081e-01 -6.045935092134597788e-01
-2.469097533441299841e-01 -2.352720008064660036e-03 -7.165192135060820533e-01
-6.520310333478501752e-02 3.733887228275863807e-02 -2.024185987431156158e-02
-1.765836500602892267e-02 5.946012429500717456e-02 1.283919028030709120e+00
1.469847255638196737e+00 -1.422544261356456230e-01 3.112525826130829731e-01
-2.901438462530530615e-01 -3.713864675039075386e-02 1.344753953252844747e+00
-1.758261101344033017e+00 -4.012345551153220780e-01 8.333376040760828163e-01
-2.468963434667658330e+00 -5.704710838889077706e-01 2.977376025333959217e-02
1.611142399739565745e+00 8.539121512410178250e-01 1.870165334067308782e+00
-2.493623596927203590e+00 -2.929915736732319864e+00 -6.839460820899144478e-02
8.155189889542535653e-01 -7.860771811842257595e-01 -2.801622252824454429e-01
-1.193264589043770418e-01 1.096889622207063153e-01 -7.527553865655560728e-01
-2.323852856998012695e-01 -2.069206140717805009e-01 1.745211964794996407e+00
-1.497235496836855084e-01 1.210881174324630744e-01 3.374239965713488054e-01
-6.614881079148154930e-02 7.195963614928188590e-02 5.759475934550626341e-01
5.237055547821045653e-01 4.962116556881668306e-01 -3.930981367566248608e-01
3.716233498345474229e-01 4.743448930518232576e-01 2.098577185469314266e+00
-1.154054875634999089e+00 -2.204594035141660857e+00 -5.928358584606236992e-01
-4.382815153917625772e-01 -8.236894713105507027e-01 6.533217246256850519e-01
-6.664165065245716835e-02 7.228595132327535200e-02 5.793969465673092234e-01
-4.076641229234647668e-01 8.014621825444762093e-01 1.886996646051749826e-01
1.623921613783624873e-01 3.006730300978170400e-01 7.667758682381092816e-01
6.455641849198242577e-01 1.523326401682755238e+00 3.282077562245388491e-01
-3.538982465894266460e-01 -3.923183120095035115e-01 5.247213830524102285e-01
1.666097905194196427e+00 -6.720458878890250842e-01 7.478237734538958348e-01
-6.352199704407701653e-02 7.106637114789868259e-02 3.881720514544207967e-01
-1.580631622387211888e+00 9.692016720952880693e-01 3.434037044706785280e-01
-6.478203185910724748e-02 7.162347683039192725e-02 4.390914684311849614e-01
-1.286240986408064835e-01 1.042918186224730953e-01 -2.353662392513305168e-01
2.876407121449980897e-01 2.592809529226705600e-01 1.390999607318720521e+00
-8.834250259478616807e-02 8.385719677203906652e-02 -3.884381933694076028e-01
-1.061999657291991861e+00 -1.794581024323093521e+00 1.654206769545953359e-01
-6.131398362092486259e-02 6.953797650060251911e-02 8.690693645209831564e-01
-1.072362113659384164e-01 9.234795405880522057e-02 -3.566560527942201353e-01
-6.662984066501007052e-02 7.238402817445467596e-02 5.815956327858901043e-01
-2.894562677843106169e+00 -1.121618141939041635e+00 -2.726830990630962903e-01
-1.033084820776963286e-01 -1.236639407656716094e-01 1.036702950747916852e+00
-1.035462161257938218e+00 -2.121929499544793381e-03 3.702260179945960905e-01
-3.837398137282133082e-01 -7.237703956075301759e-02 -6.823808441423231397e-01
-4.516681361681628704e-01 -2.001868543530510580e-01 -9.279675995824170354e-01
1.181143936238406189e+00 2.757556763321923343e-01 -5.068162332714533092e-01
-2.435530722883009425e+00 -6.501999073363943227e-01 -3.014622571410764951e-01
-9.791357887983274111e-01 -1.464425628993720474e-01 6.633090943942010487e-01
1.923818176744986452e+00 9.556028973923549330e-01 1.767541551168342329e+00
2.142239352359666338e+00 1.858610685473926827e+00 -3.065229667152428727e-01
-6.771272566825861650e-02 7.247371927256358870e-02 6.114499498067059724e-01
-2.406401843063892709e+00 -4.628669234282964395e-01 1.405800831273544549e-01
-6.345444291655043534e-01 3.987885286557616982e-01 5.726585468175652283e-01
-8.758484647672822032e-02 8.714696416291052572e-02 -1.289718507229894895e+00
-1.174512953513198399e+00 -1.927918144185279736e+00 1.699659182952145686e-01
-1.618711310773594467e-02 1.510529653529492367e-01 -1.770629639820158641e+00
-4.216039961889490040e-01 -6.021879139677970699e-02 7.915091838669174873e-02
-3.165346259045329069e-01 -1.027831879555214156e+00 5.209643686481955221e-02
-3.976138236021357630e-01 -3.281269195789226351e-02 7.333215652968309017e-01
1.448244063207485333e+00 2.955616423379317514e-02 3.635263129111677705e-01
-1.626300490471350169e-01 5.891942552068817063e-02 -3.737300743094119637e-01
-6.616107500922374651e-02 7.194906280845224378e-02 5.733357034782103900e-01
-3.999935360736285861e-01 -7.970436475796981168e-02 4.394452482375731384e-01
-3.821177573747658318e-01 -8.930969800770907630e-02 3.702762823663063863e-02
-1.083647364290796222e+00 -2.325513677690503656e+00 -5.718882244560015149e-01
-1.739789927578511419e-01 1.208711816464117239e-01 -4.715391351558680944e-01
2.033372162648988901e+00 -1.439064194913190209e-01 1.866129165284639291e-01
-6.950693530032933665e-02 7.344610203120593983e-02 6.175374499907981818e-01
1.605679826312906844e+00 8.408088651653725654e-01 -4.502164779732041600e-02
-1.536055278981386385e+00 2.434103683324858325e-01 9.793505454948872035e-01
-1.573509846562763936e-01 6.485499134354243481e-03 -1.433539672191953773e+00
2.225212489582253927e-02 5.874660608776817450e-02 7.656481951052565016e-01
-4.345001490949667450e-02 8.362895844924501942e-02 1.155962803400324528e-02
-2.885181560573074622e-01 -2.288177273005246107e-02 1.452359674440966808e+00
-1.123085908924870813e+00 1.855693537197939502e+00 9.016231486040539311e-02
-8.539818187704488472e-02 8.447154433421912023e-02 6.327803846174682167e-01
-9.940028469179275350e-02 -1.765396780634449936e+00 -4.938977425289355350e-01
-1.572872460631497438e+00 5.105254069902052105e-01 1.105651318326684729e+00
1.803885483022436009e+00 7.974454068218437275e-01 -8.156185037786299608e-02
-1.022655693396649218e-01 5.532850021503444432e-02 -1.630642010728865721e+00
1.028588222562859360e-02 4.380210031533524756e-02 8.561301444929283466e-01
-7.127206411014558318e-01 -1.428393417463061699e+00 1.347731192741266348e-01
1.303197885399360878e+00 7.217596101500804995e-01 6.146546973497061250e-01
5.701790173244167259e-03 3.995741482970969344e-02 6.025874892663146687e-01
-3.011012434567217344e-01 -5.601242473508640657e-02 -3.337074031683781250e+00
-2.894507916748141965e-02 1.855960698540393972e-01 -1.682575780744263838e+00
7.310762159843618990e-01 -1.438660860607717806e+00 -1.475265827925813233e-01
-1.971910688637027731e-01 1.365281118322040355e-01 -1.371552198694320879e+00
1.624974620427115823e+00 8.361879506234231041e-01 -3.771683718027155074e-01
-1.021293002536905609e-01 9.006593542873080060e-02 -3.716046315663852906e-01
-4.132697788903992309e-01 -3.026283717269177664e+00 2.356971007596294354e-01
2.560730699171278602e-01 2.887236965647711484e-01 1.506760229434488174e+00
-4.088919073881442379e-01 -6.351001717949736336e-02 -4.242915656227109755e-01
-6.427783624097963000e-02 7.129679705845197446e-02 5.539040712220677509e-01
1.955137254166929572e-01 2.558307624295215188e-01 4.596886006206293146e-02
-2.444037648529670814e-01 -1.659952222851253656e-01 -6.426331301140522090e-01
-5.892064424081703417e-02 7.320291519204366604e-02 1.554222515671059568e-01
-6.909358573951793203e-02 4.570384327342853770e-02 1.090038534551282662e-01
-6.616970538466779295e-02 7.216454020265739011e-02 5.779127297233401794e-01
-4.847607303073258461e-02 5.688278131747497718e-02 -2.112277286360304984e+00
3.517366936568976921e-01 5.031736537296902512e-01 2.238088040993406302e+00
1.409778025617004493e+00 2.769336923401634065e-01 4.464116701281642396e-01
-2.663698872826734676e-01 9.683361165388419955e-01 2.286325602508699761e-01
1.318767991163454001e+00 3.978493243114343825e-01 6.455482425517700129e-01
-4.719696054365893345e-02 6.321511868252381594e-02 4.062507523416220567e-01
-5.665575110185767649e-01 -1.645824051910824426e-01 -3.059709281525668345e+00
5.542016677638782474e-01 5.163458488197517626e-01 7.850356048856272917e-01
-1.447270165310673706e-01 -1.261181865757919685e+00 -4.616346825295005729e-01
-2.659542564865174263e+00 -2.559728854851708757e+00 -1.138221464726003190e-01
-6.605841896446040806e-02 7.189874829000972301e-02 5.730220002905170862e-01
-1.111167007043670635e-01 1.362918523542860361e-01 2.169105124605460677e+00
2.445142718140092541e-01 -2.230027659618285973e+00 3.349397602988684469e-02
-1.253000313195468118e+00 -7.535338964923479210e-01 -5.955817978172317506e-01
3.283668734564161085e+00 1.633197267659166396e+00 9.707354544284704234e-01
-6.735933450528545918e-02 7.263778835444660575e-02 5.913853833656901315e-01
-4.606918750417583475e-01 -2.178698554011866961e-01 -1.152482345304696620e+00
-1.158185191631072364e+00 2.058668502775461207e+00 -3.396188299066653371e-02
-6.614108887661518388e-02 7.211203809647573348e-02 5.841094041445435980e-01
-6.687512501976639046e-02 8.088098362655207763e-02 1.958936426422574151e+00
-2.081103107232971094e-01 8.722498812631017395e-02 2.318050568950615897e+00
5.825795041488837471e-03 -1.554415697420551967e-01 -1.781810502349160386e-01
-5.731357748683228726e-02 9.085419621771047283e-02 8.989361191131517437e-01
1.641014854537830470e+00 3.874353127869490376e-01 -6.021474535208738432e-01
-6.608930662395093303e-02 7.191989497168911616e-02 5.731657233368669946e-01
-1.141448168260703167e+00 1.939986033307668611e+00 3.991314478242032754e-02
-4.326172536339421448e+00 -2.070395370300559978e+00 -8.063433535662970497e-01
1.626583049871973330e+00 -5.283301225044479965e-01 -1.505046901471135679e-01
1.688172487823234591e-01 6.672911381863740055e-02 3.178196202691043193e-01
-5.912867162816871636e-01 2.726079287428360587e+00 -2.680121000569055667e-01
-2.494240188196345659e-02 -1.511291940359571484e-02 -1.700372049262135754e-01
-2.180288832615025207e-01 6.432531946997846473e-02 -4.666677530562333143e-01
1.615644730340348056e+00 1.133456698944756313e+00 2.451869676754377392e-01
-1.267826490589223365e-01 -2.646460146714284978e+00 -2.940420407872502626e-02
-1.377105212939481738e-01 8.038273295094019444e-01 1.964634730124959205e-01
-1.784415681246483087e+00 -7.433131218865288714e-01 2.425888972223174678e-01
-7.088524159807568781e-01 -3.034108238871684876e-02 1.060052417969353122e+00
-4.805780769891380144e-01 -1.624145057223950195e-01 -1.479149114081776684e-01
-6.177548159210233952e-02 6.928895609407553779e-02 5.000134566525763491e-01
1.262914018201927613e+00 6.555384119156122402e-01 1.708903930212408495e+00
-6.652673038993911492e-02 7.234720378051409662e-02 5.809834278865539936e-01
-6.309365788381546269e-02 6.992627332774777049e-02 -1.632455132236578343e+00
-2.139339871438888263e+00 -1.550984741657351007e+00 -2.053861645649432410e-01
-1.404450884583795071e-02 5.969383158719933358e-02 1.133707715315838138e+00
-6.379271829489541190e-02 7.072583665349023441e-02 3.518792183478527402e-01
2.308151406004305406e-01 1.434273990246626718e-01 -1.990328154397377411e-02
9.475519232815468040e-01 4.372036634894880813e-01 -1.812064717690601290e+00
-1.936049207509992764e-01 1.349395585215487359e-01 -1.373879406483201393e+00
-2.680247490559594867e-02 6.362711437703406914e-02 1.440812080448199417e+00
-6.639772898854856553e-02 7.214011213935923872e-02 5.790030901422260623e-01
2.528469093904579967e+00 1.241570567353090571e+00 -6.437138168663745219e-01
-8.282286776022204089e-01 6.887650683968010203e-03 1.614199248472446557e-01
2.301929006147205747e+00 2.081604631227746971e+00 -2.253733416732973671e-01
2.434872571360056637e-01 1.408168776327953509e-01 8.284400920207421470e-03
-5.883628359268370245e-01 -1.581479803973225018e-01 -8.218944635711736835e-01
9.540951105600163906e-01 6.899921899165801786e-01 7.752845489721428285e-01
-6.631869291867943661e-02 7.226334624976986365e-02 5.794784817570478586e-01
-5.242046248656737628e-01 -1.097220793825840895e-01 -1.808334828247551318e+00
4.650103713778703241e-01 4.706730269991176718e-01 -5.623900658260088115e-01
1.407939755647135804e+00 9.246649375172932839e-01 7.258992262630403237e-03
1.928748846506030290e+00 1.403504928188711087e+00 3.321325009516071236e-01
-1.113743501160583196e-02 5.558700016851144537e-02 1.259799813339946173e+00
-2.184167959262643677e-01 5.152501429886795908e-02 -4.195072465223015912e-01
2.995541632627949855e-02 7.073926275459071489e-01 -5.537832664737764032e-01
1.410284038156274899e+00 1.001497394772485228e+00 6.101578243419966130e-01
-1.246327771124405293e-01 -1.711237461488164871e-02 -1.929071346756597305e-01
2.915995825536230306e-03 4.177530025705875755e-02 -2.296090256833612508e-01
1.905388944788087568e-02 3.374867617303806133e-02 -4.236793607233748649e-01
3.669293340528158587e-01 4.127449739572508491e-01 -2.785771259155494506e-01
-2.800072431772711590e-01 -1.072740504052180022e+00 6.704150934740041867e-01
8.554667257396141311e-01 -1.271785468221506177e+00 -9.137509414792820139e-02
-1.963216720951548866e-01 -8.896700348915825840e-01 -3.878204606605847871e-01
-1.564411058852700043e+00 -1.930613616901750929e+00 -8.132553652283143475e-02
8.812505528890478279e-02 2.779133670580367643e-01 1.250267105900714881e+00
2.857910864179649679e-01 -1.699886183823548169e+00 -4.868497854486362186e-01
1.871518000706682561e-01 -1.906572027435475603e+00 -3.304307426935882974e-01
2.486971069151044489e+00 1.229943903014452777e+00 -4.576270206602838786e-01
-7.505680170415736097e-01 -2.857189017101915862e+00 2.089342111875645835e-01
2.426442057240724703e-01 1.654675368870398122e+00 -4.216879673601039991e-01
-3.798517033141234761e-02 8.258292690270138681e-02 8.852368252823032968e-01
2.755857683837327876e+00 1.495248712801980684e+00 8.471101413824855264e-01
-6.742523323595497331e-01 5.521920264290163249e-01 5.258338547091820914e-01
7.337938757891077080e-01 6.362825352690824054e-01 -8.650694194738052234e-01
-1.713739820642105061e-01 1.502731721328010028e+00 2.580474164184515806e-01
-1.540674547536146494e-02 5.604274761820659395e-02 1.291856962436450429e+00
9.224361680445474221e-01 -1.150731289025509918e+00 -5.465385580706887819e-02
9.565472991079820853e-03 4.365917791511152168e-02 7.481457683558039307e-01
-2.367942164697443008e+00 -4.230083452718977344e-01 2.043820600850793090e-01
-1.103631326588898481e-01 2.439003604267909520e+00 3.017212571262004595e-01
1.595144863275776093e+00 7.445830778328051958e-01 -3.731164874576964885e-01
7.516433091313557968e-01 -1.211125482667194220e+00 4.942097707903760073e-02
6.456459463714263602e-01 5.323848776673378858e-01 -4.432174033119311019e-01
1.693969021349720938e+00 8.163031424963116400e-01 -6.370287991729411958e-02
1.485450520213205783e+00 -5.482383538630573871e-02 -5.334119066069333837e-01
-6.332531532998186830e-02 7.016180360973259256e-02 5.620879931494651149e-01
-1.396474399981654013e+00 -8.418019687552705799e-01 -2.157508073301430407e-01
-1.895972469323228826e-01 1.304360445226451781e-01 -9.570342037530972235e-01
1.272514175309218620e+00 -1.675307541562539360e+00 4.206346266812199114e-02
-5.305562278024118089e-02 2.487903847228256637e+00 3.323163006166824363e-01
2.579170732725212911e+00 1.555343206920728916e+00 9.235362532281926606e-01
-7.492362138412580475e-01 -2.719379098431333741e-01 3.516802172067575172e-01
1.059940760404226356e+00 1.179209003120616162e+00 1.346653269893946514e-01
2.653143850980047569e-01 3.219553422046567137e-01 1.430866169250727182e+00
-6.453992711635397894e-02 7.143789646888303035e-02 5.634547440420776265e-01
-3.033001722741347495e-01 -8.968851528790430794e-02 -1.202363916052592074e+00
5.889387281612704778e-03 -2.113245928276786534e-01 -1.770105365786097673e-01
-1.935991165964058222e-02 6.233753139338169685e-02 1.068292999943844634e+00
-1.021589059844580927e+00 5.136532039250343157e-02 3.275126341830847942e-01
-2.312067297142718303e+00 -3.005254800744343147e+00 -5.778259596978662510e-02
-1.172006611630845435e-01 1.072549062413845206e-01 -8.570831167351542490e-01
-5.897573229066986888e-01 -5.243060548226247120e-01 -1.810126706383702044e-01
-6.758872080001394889e-02 7.270815576066878838e-02 5.998208206241999463e-01
3.177230213356777577e-01 -1.505276918432609135e+00 4.694170312097455389e-01
6.642562154437354760e-01 6.871920775856520391e-01 2.963630999936952115e+00
-1.993473807963479727e+00 -6.666917668500235150e-01 -4.002690875977675256e-01
-3.519523240416362886e-01 -7.671174470428848702e-02 3.649400501843411138e-01
1.244083447440604173e+00 5.658407510524655626e-01 -1.839185532926192135e+00
-7.709303531684284783e-02 6.545921912481822424e-02 2.734796785196532687e-01
-4.866311497883649695e-01 -6.100864752061442298e-01 6.360003336364883353e-01
-6.455683447603951554e-03 4.748089372926501267e-02 -5.332336347513447761e-01
-1.441574117516730424e-01 5.747194405684505902e-01 -1.743336948404789755e-01
-2.819131934598568812e-01 5.311493703935033124e-03 1.660382200595289959e+00
-4.168954450380373267e-01 -6.030665950509595669e-02 -2.965673818511765369e-01
-8.463011380151908014e-01 -3.913743678916911106e-01 5.504851210619219337e-01
-7.800603819290603813e-02 5.780266196993568556e-02 2.635959551787618871e-01
1.461083790718807895e+00 9.074179956290195914e-01 -1.727342618637345284e-02
-2.483023224728806433e+00 -6.026738340863370125e-01 5.813470085007437990e-03
1.389039132582514657e-01 -4.583524714906167530e-01 2.689800416072156697e-01
6.446273612982242850e-03 4.656101307680430429e-02 -4.793264367534542658e-01
-9.014565047959323119e-01 1.247037349161693287e+00 3.465904866328696765e-01
1.064226877388587456e+00 -1.552993676415606927e+00 -3.244897294605741944e-01
1.263552665984874368e+00 1.335458187969736255e+00 6.276878901388218690e-01
