<simulation verbosity='high'>
   <prng>
      <seed>10545</seed>
      <state shape='(624)'>
       [ 3471193994, 335223549, 407883472, 2890454539, 270768648, 
         3157072422, 2183299166, 3903955081, 1344404560, 1368286911, 
         3564661614, 4127976793, 1844665161, 1482642206, 3023638879, 
         2073585644, 1283289354, 3688013968, 764330141, 1968152818, 
         3922588879, 264410225, 2744495201, 2557630833, 2583772257, 
         2496915154, 4252173435, 2366815776, 1803107503, 2772233385, 
         835079628, 312716753, 1606780976, 382054901, 1344781923, 
         1289636516, 1399529751, 2112507465, 2156772624, 1920766536, 
         2028986113, 1942666831, 169681305, 1273222807, 2262798175, 
         4089504635, 654287829, 58520255, 651627276, 975517540, 
         240482630, 429776510, 1648754418, 503126477, 2759866423, 
         374609116, 955985793, 3464279833, 2135280318, 2160658633, 
         1693834063, 2657882218, 783086100, 3476323845, 524940230, 
         1985402725, 4081802001, 2673008480, 1920077366, 1091353897, 
         2650757726, 2592017543, 256861101, 962244973, 410016736, 
         3224485915, 115715022, 3467265395, 2718828464, 1411811109, 
         3884183023, 4244016340, 151229421, 1946879475, 1975046739, 
         1656966763, 173573512, 2889241716, 388908171, 3140538653, 
         3288907294, 2865716099, 219323872, 4086744411, 2061911676, 
         1387705037, 3419746657, 3200405858, 3970999804, 1965647952, 
         1352648182, 4139054745, 1708439043, 2149917983, 2580493445, 
         2688878411, 1409310306, 256852968, 627003401, 1391343234, 
         3800756818, 595350612, 1443993284, 1922463481, 2491268342, 
         1998711470, 148532298, 3748220647, 1343124513, 1801683156, 
         1021502731, 591076427, 3360611562, 55320564, 3590880503, 
         2816223555, 238232424, 4167470659, 2281419399, 3487755307, 
         776065315, 3230839873, 361326331, 2986567654, 3672360789, 
         4210800019, 3315075571, 3084230228, 2507328084, 895214152, 
         1143258198, 724205597, 2451609371, 3293511938, 238498854, 
         1458083136, 859836501, 2733060104, 727840474, 3061946514, 
         2293695315, 2327548167, 3450808196, 530389139, 3327833980, 
         3797434227, 2016350620, 3923354119, 3251362038, 2513229299, 
         2942252717, 1498236806, 3176862113, 2462837848, 3981252671, 
         2578237768, 3563284513, 645983404, 2047743676, 3030551023, 
         3560698508, 1756444340, 512537976, 3403957022, 151584039, 
         476596688, 2237959397, 2413017429, 178301820, 1349855169, 
         370733382, 1337200535, 2978803885, 3766582608, 2335033732, 
         2257781046, 1024767097, 3453004511, 2642687359, 3860180659, 
         1120085642, 1669520615, 1752629286, 1252074149, 1592866927, 
         1558060696, 1390367922, 467599886, 3658709175, 1910221745, 
         3469506526, 4198940343, 2480704928, 760651486, 2916111000, 
         1448858170, 2514672824, 4017412597, 577411380, 1899003013, 
         3718266107, 2236384829, 3429552079, 3999208740, 2003658925, 
         4210908271, 2863412086, 1017040227, 1562723864, 1307326270, 
         355463578, 1147654357, 1229439470, 1595841152, 3106588616, 
         3479473132, 3821837446, 2980545972, 663170866, 2978915272, 
         1172644429, 2180742850, 1929755757, 4166522169, 2187126334, 
         1080280584, 2995570718, 1292879343, 2877865792, 3691096970, 
         3202899092, 2390792443, 1286707919, 787348805, 3279367413, 
         913205102, 3699971024, 200739142, 3307170179, 346810948, 
         1453269310, 977400638, 3368120537, 2104237134, 3577856361, 
         4051935810, 2123495559, 185567022, 2047618442, 2907936890, 
         1216821611, 1604848323, 2356999951, 1285161334, 2595014222, 
         3151557425, 2481482510, 4108179966, 634687679, 2730069957, 
         3529305533, 4249772092, 2885195693, 2895066056, 632107773, 
         2726713140, 3701180506, 2919520902, 1416460715, 3677218860, 
         4203943770, 834525702, 511715266, 1943033220, 3417677855, 
         1992358271, 770535304, 569648282, 2339680201, 250757504, 
         2312964744, 15408933, 1258641942, 3059634962, 1350363273, 
         3240136033, 2285885240, 1095604883, 3141299345, 1191346656, 
         3442188662, 1474939667, 3843082012, 4071543644, 3825642828, 
         598243209, 294953747, 2705662069, 570902131, 1095263462, 
         3219572803, 2807314433, 2193322547, 3861360760, 3489015474, 
         1833363676, 1880579698, 657799462, 1604309693, 2154712395, 
         1332387688, 464635440, 1419659257, 2116840913, 28619544, 
         4217291378, 1550567070, 3782627406, 668170679, 2017881803, 
         3394436643, 2539718329, 1971488341, 2075679626, 1832002245, 
         1978052298, 3023953320, 2307731174, 932060371, 3904221723, 
         4109099464, 465191292, 583894846, 3993735023, 3798432153, 
         3899072485, 3545002391, 692341299, 929259273, 983560743, 
         2894588030, 37943344, 216446322, 4249581017, 2478471189, 
         685359054, 1978672736, 1128337535, 1861292480, 3307955347, 
         1570295562, 2399112864, 4186458514, 2597378767, 3912814320, 
         3965482683, 2459758364, 107090409, 2918118230, 584927879, 
         3459812432, 929186805, 3722494722, 1372911115, 2850787936, 
         2923986667, 1361892480, 3655641718, 3780085548, 3016231423, 
         1403449567, 853848837, 1595694339, 186439345, 2235116728, 
         3505637215, 2098286869, 158238114, 2127111186, 2192867978, 
         2215919096, 927289056, 1676997917, 896862172, 3136135069, 
         192592495, 3222968874, 1540300972, 1746998914, 4266524655, 
         1871925076, 2902544842, 1207715929, 1075663133, 118302332, 
         507916725, 359352255, 1088007431, 1970414580, 3566003338, 
         3556037364, 1975235972, 3289487792, 1484630789, 1812230374, 
         1912158431, 542900965, 3763018538, 1821548096, 1624037163, 
         2252131883, 1607767761, 4247826917, 1104920423, 3355674203, 
         1695935919, 1398531125, 91234282, 725908558, 1189311147, 
         1344812065, 2934862941, 4092810844, 1041201556, 1207944073, 
         3186203152, 2230501453, 936457245, 3403994013, 4163857364, 
         2380043606, 3801822525, 3753769889, 3083690845, 1994926121, 
         4264120965, 2055279797, 2821202999, 453972319, 3979292341, 
         917203331, 3525394480, 1891775127, 3934271379, 2229761563, 
         3562726132, 4280185415, 3737730297, 2807919350, 2960338043, 
         641901961, 412660852, 270127502, 4242497178, 3904705949, 
         4169436170, 2487785247, 3220827568, 2826622788, 408639080, 
         808338115, 4206738030, 3020436713, 1159548606, 792955295, 
         3285252587, 1471729642, 1229506663, 1160225408, 58694052, 
         3571116052, 2199072205, 1534382589, 3000641718, 4064883346, 
         1676624713, 4238832561, 3188684201, 2029880990, 3351389267, 
         300738573, 3075948851, 4025995196, 922488481, 1157178564, 
         1003580967, 2733202325, 61508479, 1939130036, 3267704109, 
         554360631, 3266355337, 2176860186, 186188550, 408049024, 
         1126420498, 2241286730, 1570725125, 634423342, 3919431832, 
         2992653131, 3048520215, 916056936, 2399502522, 749324143, 
         499421423, 891420139, 225452546, 2318100313, 3563989802, 
         3045824348, 1940927474, 916571602, 3961975903, 550141820, 
         3894275516, 1960331641, 956498825, 14975729, 2466070736, 
         2998551194, 1050323909, 3465365539, 4170392675, 784872170, 
         424065472, 3557421926, 1890503890, 3021108374, 3933490448, 
         236312389, 1945819672, 143082712, 3210397831, 3869345124, 
         2178926189, 494824947, 3694811568, 1780139278, 1736296714, 
         2878621960, 355118658, 1010028985, 3444313630, 4014973340, 
         1563376762, 1981896661, 2523895211, 2411922842, 3156838654, 
         413133517, 3532793230, 51544744, 2847212947, 938055002, 
         1629482295, 165863981, 1568639312, 2524856739, 2862559565, 
         1942097316, 596383612, 143601446, 2295170474, 1235954381, 
         299556440, 2632695352, 1148484485, 1925178164, 198981215, 
         2556836436, 1915064822, 2953383751, 3048920750, 3863473655, 
         4253327108, 3626410446, 1592857144, 198402010, 2120289347, 
         2910463909, 171019425, 410149226, 29893391, 2639709043, 
         2335489241, 1790304797, 543321209, 2853789406, 2725708416, 
         3565012240, 1961062665, 2029785221, 1306667563, 279870561, 
         208611860, 4056361839, 2832611060, 706458923, 200412407, 
         4257298688, 1444659650, 2484857150, 1503476200, 3202467568, 
         2651759250, 4292446648, 2111648832, 1945708262, 2659531873, 
         800508357, 920325270, 3973378683, 3882451439 ]
      </state>
      <set_pos>100</set_pos>
   </prng>
   <output>
      <trajectory filename='momenta'>momenta</trajectory>
      <trajectory filename='forces'>forces</trajectory>
      <trajectory filename='velocities'>velocities</trajectory>
      <trajectory filename='positions'>positions</trajectory>
      <trajectory filename='bec' format='txt'>bec</trajectory>
      <trajectory filename='extra' format='text'>extra</trajectory>
      <properties shape='(7)' filename='properties.out'>
       [ step, time, conserved, polarization, kinetic_md, 
         potential, volume ]
      </properties>
   </output>
   <total_steps>2000</total_steps>
   <total_time>  2.80000000e+04</total_time>
   <ffsocket mode='unix' name='pw' pbc='False'>
      <port>0</port>
   </ffsocket>
   <system>
      <forces>
         <force forcefield='pw'>
         </force>
      </forces>
      <ensemble>
         <temperature>  6.33363040e-03</temperature>
         <eens>  7.32088969e-03</eens>
         <hamiltonian_weights shape='(1)'> [   1.00000000e+00 ] </hamiltonian_weights>
         <cbec> True</cbec>
      </ensemble>
      <motion mode='dynamics'>
         <dynamics mode='eda-nve'>
            <thermostat mode='gle'>
               <A shape='(5, 5)'>
                [   3.00080853e-02,   4.39958411e-05,   1.85997363e-03,  -5.87624196e-03,   3.73950132e-02, 
                   -4.48763940e-05,   1.38700590e-08,   1.16491892e-04,  -3.20232501e-05,   6.84360690e-05, 
                   -2.39244940e-03,  -1.16491892e-04,   2.19317189e-04,   8.31040725e-04,  -1.61288724e-03, 
                   -1.67376627e-03,   3.20232501e-05,  -8.31040725e-04,   4.30244828e-03,   1.85700683e-03, 
                    3.51809611e-02,  -6.84360690e-05,   1.61288724e-03,  -1.85700683e-03,   4.99577438e-02 ]
               </A>
               <s shape='(5, 90)'>
                [  -7.24932347e-03,  -4.58340508e-02,  -1.10484290e-01,  -9.67317817e-02,   8.29019433e-03, 
                    8.23223922e-02,  -4.63481490e-03,   8.69715749e-02,  -9.32458014e-02,  -8.26929989e-02, 
                   -5.72642052e-02,  -7.43709040e-02,   1.54993893e-02,  -3.88299980e-02,  -1.56024292e-02, 
                    2.60465122e-02,  -2.48492851e-02,   1.03076459e-02,  -4.49672946e-02,   5.78666865e-02, 
                    6.34848921e-02,   8.94607832e-02,  -1.23876177e-01,   8.11658960e-02,  -9.72634781e-02, 
                    8.58857417e-02,   6.57619013e-02,  -1.08336811e-01,   4.95329999e-02,   9.47110003e-03, 
                    6.64084887e-03,   3.76971373e-02,  -6.68772432e-02,   5.46591992e-02,   9.97168205e-03, 
                   -1.97130129e-02,  -4.74274219e-02,   9.24948314e-02,  -1.31056856e-01,  -5.13790244e-02, 
                    4.36800765e-02,   1.46208837e-01,   8.83911470e-02,  -2.39099402e-02,   2.03934162e-02, 
                   -2.40257035e-02,   2.06921851e-02,  -1.25848924e-01,  -1.12595129e-02,   5.32800559e-02, 
                    1.43155949e-01,  -1.39056122e-02,   1.18486512e-01,   6.73514831e-03,   1.94404251e-01, 
                   -1.68269922e-01,   1.91730803e-02,   5.46281165e-02,  -6.92203216e-02,  -2.68323751e-03, 
                   -2.58979089e-02,  -2.18072468e-01,  -1.66222067e-02,  -6.12157789e-03,  -8.83917524e-02, 
                    1.13042131e-01,   1.05585919e-01,  -1.92222405e-02,   4.83074635e-02,  -8.27760449e-02, 
                    4.32003617e-04,   2.96488092e-02,   5.57845739e-02,   5.99495724e-02,  -1.19810401e-01, 
                    1.21046735e-01,  -2.35703589e-02,  -1.52252883e-01,   4.12357039e-02,  -3.08960293e-02, 
                   -5.85474878e-02,  -1.69758625e-01,  -1.63293067e-01,  -1.77033411e-03,  -1.52234677e-01, 
                   -2.12874763e-03,  -1.35512701e-01,   8.65812674e-02,   6.29175192e-02,   1.28568726e-01, 
                   -3.78814113e-02,   4.73516475e-02,  -6.63404280e-03,   1.47539216e-02,  -1.93840152e-02, 
                   -1.60241591e-02,  -1.92700992e-01,   2.84889049e-02,   1.41343022e-02,   6.45851048e-02, 
                   -1.79079597e-02,   1.30481629e-01,   9.41875821e-02,  -1.05262869e-03,  -1.07836015e-01, 
                    4.65649275e-02,   9.49228447e-03,  -3.42720290e-02,  -6.60500411e-02,   2.93277127e-02, 
                    4.15089193e-02,  -1.10826765e-01,  -2.01801529e-02,   9.42567743e-03,   1.56637952e-01, 
                   -8.14480128e-02,  -7.51436738e-02,   5.39376292e-02,  -5.08292299e-03,   7.28527259e-02, 
                   -1.16004089e-01,  -3.31062681e-02,   6.60273794e-02,  -6.84573848e-02,   1.53456306e-01, 
                   -1.18379156e-01,  -1.14028411e-01,   9.64548678e-02,  -7.06986719e-02,   1.10970557e-01, 
                   -7.84852418e-03,   6.42385724e-02,   3.46340900e-02,  -4.37897533e-02,   2.68020734e-02, 
                    1.04766121e-02,   6.79645099e-02,   8.35560049e-02,   9.41676710e-02,  -1.62584060e-02, 
                    6.34882015e-02,  -3.56437290e-02,   4.97796106e-02,  -1.31737669e-01,  -8.81677181e-03, 
                    2.31661969e-01,   7.27866555e-02,  -5.36659669e-02,   6.75102927e-02,   6.63202091e-02, 
                    3.98141908e-02,   1.57578707e-01,   7.04531594e-02,  -4.90179110e-02,   5.07791326e-02, 
                   -3.14318925e-02,  -1.39644667e-01,  -1.29865199e-02,   5.43342095e-02,  -1.28725964e-01, 
                   -1.55566459e-01,  -8.33927996e-02,   5.84276352e-02,  -2.29312237e-02,   2.68519782e-02, 
                   -8.95260353e-02,   8.61227287e-02,   7.80103752e-02,  -1.59083497e-01,   5.33003245e-02, 
                    6.46018766e-02,   6.28789593e-02,  -3.30169752e-02,   1.51739523e-02,  -6.07324882e-02, 
                    4.39770203e-02,  -9.97326678e-02,   7.71450247e-02,   7.05072144e-02,   4.51692370e-02, 
                    3.60342419e-02,   1.55448217e-02,   1.71699835e-01,  -2.14887532e-02,   1.15598290e-02, 
                   -7.18146503e-02,   5.13692583e-02,   6.18333190e-03,  -8.33760803e-02,  -3.06006179e-02, 
                    3.02164647e-02,   8.08444639e-02,  -9.27849459e-03,   3.09984282e-04,  -1.15114537e-01, 
                    7.18909809e-02,   2.83041544e-02,   8.11201053e-02,  -2.03143075e-02,   1.09411336e-01, 
                    4.00956193e-02,   8.07219633e-02,  -9.34967786e-02,  -8.54087420e-02,  -3.86249361e-02, 
                   -3.72471123e-02,   7.61930435e-02,  -6.58485046e-02,  -5.76663833e-02,   2.82135878e-02, 
                    1.68847289e-01,  -6.15091763e-02,  -2.49905886e-02,   2.53425974e-02,  -1.06714843e-01, 
                    3.54211599e-02,  -1.06607986e-02,   1.39049027e-01,   4.20657303e-02,   8.03656646e-02, 
                    8.19112645e-02,   3.34045106e-02,   9.60465284e-03,  -1.95810598e-02,   3.60046582e-02, 
                   -5.53686353e-03,   6.24479398e-02,  -7.49860802e-02,  -7.33712404e-02,   3.31655262e-02, 
                    7.91059261e-03,  -1.11233197e-01,  -1.44012834e-01,   8.12685645e-02,  -1.19953590e-02, 
                   -6.96772007e-02,   7.50438111e-02,   8.12373233e-02,   1.71423389e-02,   3.28540427e-02, 
                   -5.53384517e-02,  -2.16291794e-02,  -5.65809469e-02,  -1.36854676e-01,   1.40307349e-02, 
                    2.25553668e-02,  -3.79185280e-03,   2.62251949e-02,   1.44406611e-02,   8.23702064e-02, 
                    1.40127943e-02,  -1.08000940e-01,  -5.96075941e-02,  -3.17664132e-02,   1.90404010e-01, 
                    1.07189114e-02,  -1.65370146e-02,  -1.89674852e-02,  -4.25350281e-02,  -9.57155218e-02, 
                    4.14671475e-03,   3.02328938e-03,  -7.40527071e-02,   4.60204769e-02,   9.07666028e-02, 
                   -1.12338819e-02,  -4.91617370e-02,   1.66931918e-01,   4.82761350e-02,   4.92031383e-02, 
                    1.24975099e-01,   3.12984077e-02,  -4.82418709e-02,   8.18610125e-02,  -6.06692869e-02, 
                    8.09639067e-02,   6.43988847e-02,  -1.15235128e-02,   4.75550163e-02,  -6.86989746e-02, 
                   -1.31733527e-01,  -9.12340380e-02,  -6.83391428e-02,   6.23747535e-02,  -3.85816327e-02, 
                    2.50595078e-01,   9.40854078e-02,  -5.55347855e-02,  -3.40098416e-02,  -7.09670251e-02, 
                    4.71222061e-02,  -8.16084689e-02,  -4.20310653e-02,   2.30705243e-03,  -9.58546124e-02, 
                   -6.49815923e-02,   9.97013448e-03,   9.82416655e-02,   8.49732531e-02,   1.07098900e-01, 
                    1.23659397e-01,  -1.09400378e-01,  -1.06336276e-01,   8.84164009e-03,  -7.12878946e-02, 
                    7.81917744e-02,   6.65649490e-02,   4.23795262e-02,   2.72032764e-02,   5.04775554e-03, 
                    5.16081536e-02,   1.00819951e-01,   1.63603624e-01,  -9.27900001e-02,   9.17439138e-02, 
                    8.72971775e-02,   1.77060574e-03,  -1.59279327e-02,  -9.49140225e-02,  -4.61286377e-02, 
                   -2.17677200e-02,  -4.96075991e-02,  -4.17482805e-02,   3.66720433e-02,   1.07624506e-01, 
                   -1.76363732e-02,  -4.57602385e-02,   5.42955927e-02,   7.54201253e-03,   6.68401224e-02, 
                   -1.14895747e-01,   6.38774823e-02,   2.64553899e-02,  -1.74983901e-01,  -1.12782547e-01, 
                   -2.98072198e-02,   1.11028123e-01,  -6.22534825e-02,   5.48060821e-02,   1.14816972e-01, 
                    1.08463271e-01,  -5.10947057e-02,   1.28971245e-02,   1.12720099e-01,   1.18117024e-01, 
                   -3.68168161e-02,   1.04313316e-01,   3.47935264e-02,  -1.52027211e-01,  -1.50550659e-01, 
                   -5.44595683e-02,  -3.25149469e-02,  -9.66621118e-02,   3.76718017e-02,  -5.53174385e-02, 
                   -2.02605554e-01,   3.47077048e-02,   7.98928748e-02,  -2.79676049e-02,  -6.12177076e-03, 
                   -1.47189373e-02,  -6.08023219e-02,   2.62032576e-02,   1.19199737e-01,   9.70370261e-02, 
                   -4.70085382e-02,  -1.09901274e-01,  -7.27485069e-02,   4.78602949e-02,   7.69335191e-02, 
                    9.69062566e-02,  -4.77993866e-02,  -1.03406262e-01,  -2.00988243e-02,  -6.89653963e-03, 
                    3.56313722e-02,  -8.30556158e-02,  -7.00783550e-02,   3.74327197e-02,   1.64553611e-01, 
                   -1.44768942e-02,   1.37443104e-01,   5.63038873e-02,   5.22455014e-02,  -1.01530576e-01, 
                    4.14613609e-03,  -3.36583325e-02,   4.71245608e-02,  -6.21455334e-03,  -8.59681957e-03, 
                    3.46979711e-02,   5.44759445e-02,  -7.33649708e-02,   1.07269720e-01,   2.29367043e-03, 
                    1.09044437e-01,  -1.73725527e-01,  -7.48211717e-02,   7.52096479e-02,   1.24035400e-01, 
                   -3.54507184e-02,  -1.42290577e-02,  -2.47335596e-02,   4.62373862e-02,  -1.35538104e-01, 
                   -3.37908218e-02,   5.07646843e-02,  -1.89854784e-02,   1.20798264e-01,  -2.07064667e-02, 
                   -7.73261429e-02,   4.87943850e-02,  -1.59020090e-02,  -1.14772835e-01,   1.14240546e-01, 
                    8.32467469e-02,  -1.29500811e-01,   1.11532602e-01,  -6.15978510e-02,   4.53450283e-02, 
                    6.45636480e-03,   2.97570197e-02,   3.99217701e-02,   8.19376284e-02,  -1.52100517e-01, 
                   -1.01679119e-01,  -1.74663458e-02,  -1.93401958e-02,  -1.38120920e-02,   5.72984274e-02, 
                    6.08640742e-02,   2.90122899e-02,   1.03408663e-02,   4.33989883e-02,  -7.60389973e-02, 
                   -7.01092723e-02,   2.61523475e-03,   1.10447390e-01,   1.11821538e-02,   1.45546100e-01, 
                    3.34040681e-02,   2.31594304e-02,   5.04481758e-02,   5.72741650e-02,   6.09194303e-02, 
                    6.28440128e-02,   2.73662242e-02,  -3.38630424e-02,  -7.56603952e-02,  -1.08648545e-01 ]
               </s>
            </thermostat>
            <timestep>  4.13413730e+01</timestep>
            <nmts shape='(1)'> [ 1 ] </nmts>
         </dynamics>
      </motion>
      <beads natoms='30' nbeads='1'>
         <q shape='(1, 90)'>
          [   9.33867411e-07,   1.71897227e-05,   2.74699448e-02,  -2.20985410e-06,   4.43239973e-06, 
              1.29719093e+01,   4.79493514e+00,   2.76834827e+00,   8.65710241e+00,   4.79495773e+00, 
              2.76837513e+00,   2.16015241e+01,   4.24677242e-06,   5.53673452e+00,   1.72867041e+01, 
             -1.33923750e-06,   5.53671663e+00,   4.34228934e+00,  -1.37153494e-05,  -1.14201271e-05, 
              5.63989590e+00,   8.72706741e-06,   1.63813428e-05,   1.85841850e+01,   4.79492915e+00, 
              2.76838613e+00,   1.42694046e+01,   4.79494211e+00,   2.76834710e+00,   1.32506346e+00, 
              8.84271209e-06,   5.53672165e+00,   2.28989577e+01,   6.36169675e-06,   5.53670400e+00, 
              9.95470909e+00,  -1.24954099e+00,   2.65899656e+00,   2.66594396e+00,   3.11693835e+00, 
              5.89343371e+00,   2.66592868e+00,  -1.86739514e+00,   8.05770224e+00,   2.66592930e+00, 
              1.86740547e+00,   8.05773222e+00,   1.56103327e+01,   1.24954206e+00,   2.65901786e+00, 
              1.56103280e+01,  -3.11695139e+00,   5.89345675e+00,   1.56103486e+01,   3.54539447e+00, 
              5.42735080e+00,   1.12955468e+01,   3.11695123e+00,   3.56705083e-01,   1.12955406e+01, 
              7.72248106e+00,   2.52099738e+00,   1.12955315e+01,   1.86740975e+00,   2.52099150e+00, 
              2.42399628e+01,   6.04449763e+00,   5.42737701e+00,   2.42399638e+01,   6.47296133e+00, 
              3.56724879e-01,   2.42399594e+01,  -1.24952011e+00,   8.19574098e+00,   1.99251425e+01, 
             -1.67798415e+00,   3.12509904e+00,   1.99251433e+01,   2.92755133e+00,   5.28935586e+00, 
              1.99251330e+01,  -2.92755768e+00,   5.28933290e+00,   6.98072341e+00,   1.24953859e+00, 
              8.19570421e+00,   6.98074317e+00,   1.67798713e+00,   3.12506281e+00,   6.98073955e+00 ]
         </q>
         <p shape='(1, 90)'>
          [  -2.13585523e+01,   2.31654192e+01,  -2.66314780e+01,  -1.65438259e+01,   5.00181165e+01, 
             -1.42051069e+01,   1.28089477e+01,   7.03381298e+00,   4.18271199e+00,   4.07852242e+01, 
              1.13018862e+01,  -3.40487322e+01,  -6.02675000e+00,  -1.76420291e+01,  -2.23076497e+01, 
              3.87266799e+01,   3.99015039e-01,   2.66143351e+01,   6.93566788e+00,  -9.76522426e+00, 
              2.19669408e+00,  -1.74026696e+01,  -7.41866518e+00,   1.06200112e+01,   1.68566030e+01, 
             -5.56957542e+00,   1.15067525e+01,  -3.19329890e+00,   1.62466463e+01,   8.84135138e+00, 
             -2.88745855e+00,  -7.43387521e+00,   6.52194296e-01,   3.82086027e+00,  -6.16537313e+00, 
              4.89323048e-01,  -1.05110146e+00,  -8.19863948e+00,   8.04868834e+00,  -1.56110648e+00, 
             -7.17227173e+00,   2.71210127e+01,   1.95319922e+00,   9.12078381e-01,  -1.09402673e+01, 
             -5.50601194e+00,  -8.86059063e-02,   3.71521008e+00,  -6.63969826e-01,   2.26758802e+01, 
              9.64840986e+00,  -3.01075524e+01,  -8.63343220e+00,  -9.53925286e+00,   6.85406147e+00, 
              2.18764493e+01,   6.01456415e+00,   4.28827523e-01,   2.61589289e+00,   4.81202707e+00, 
              1.51427458e+00,   7.07763738e+00,   5.87003511e+00,  -8.82329216e+00,  -1.77477640e+01, 
              6.43825236e+00,  -3.42583095e+01,  -1.74804602e+01,  -4.21447424e+00,   2.01448755e+01, 
             -2.83608727e+01,   4.94873743e+00,   4.33883640e+00,  -1.98247485e+01,   2.07698409e-01, 
             -3.04049108e+01,  -4.86339438e-01,  -1.73134711e+01,   2.85675674e+01,   2.00659274e+01, 
             -2.20424156e+00,   7.58537718e+00,  -1.09740519e+01,  -1.04958386e+01,  -7.43799785e+00, 
             -2.31032268e+01,  -2.88830119e+00,  -4.09419449e+00,   1.26763934e+01,   1.28608046e+01 ]
         </p>
         <m shape='(30)'>
          [   1.69357972e+05,   1.69357972e+05,   1.69357972e+05,   1.69357972e+05,   1.69357972e+05, 
              1.69357972e+05,   1.26526691e+04,   1.26526691e+04,   1.26526691e+04,   1.26526691e+04, 
              1.26526691e+04,   1.26526691e+04,   2.91651223e+04,   2.91651223e+04,   2.91651223e+04, 
              2.91651223e+04,   2.91651223e+04,   2.91651223e+04,   2.91651223e+04,   2.91651223e+04, 
              2.91651223e+04,   2.91651223e+04,   2.91651223e+04,   2.91651223e+04,   2.91651223e+04, 
              2.91651223e+04,   2.91651223e+04,   2.91651223e+04,   2.91651223e+04,   2.91651223e+04 ]
         </m>
         <names shape='(30)'>
          [ Nb, Nb, Nb, Nb, Nb, 
            Nb, Li, Li, Li, Li, 
            Li, Li, O, O, O, 
            O, O, O, O, O, 
            O, O, O, O, O, 
            O, O, O, O, O ]
         </names>
      </beads>
      <cell shape='(3, 3)'>
       [   9.58988429e+00,  -4.79494078e+00,   1.10923313e-05,   0.00000000e+00,   8.30507765e+00, 
          -5.51083628e-06,   0.00000000e+00,   0.00000000e+00,   2.58888571e+01 ]
      </cell>
   </system>
</simulation>
