-4.088230603101123961e-01 6.990437462935688018e-01 3.203908634870822425e+01
-2.474682354560400199e-01 3.158355736022713245e-01 -2.267722034997086666e+01
8.626335772313325378e+00 4.622938234577304684e+00 -7.129017783295239497e-01
4.006274237513196113e+00 -7.882944220364947796e+00 -1.343227891138667474e+00
-1.148446731711106850e+01 -1.225231246182625000e+01 -2.042710490122772171e+00
-3.488297054579447831e-01 2.456148406192255607e+00 6.524549248129460466e+00
-2.336592072047892543e+00 -2.139526910301697171e+00 7.158669276697764872e+00
1.818422029185740030e-02 1.680996691770815232e-01 -1.974213815384700865e+00
-2.723390027857703899e-01 3.243265220240800772e-01 1.017881179293999594e+01
1.069954578530200706e+00 1.777105528360493736e+00 -1.257748669342208814e+01
6.617125410219728110e+00 4.229630823088086800e+00 2.733675457543586163e+01
-4.925399357047410831e+00 1.320482104378822896e+01 -2.874444043884977873e+00
-1.767587184606497885e+00 5.024493289021279452e+00 7.886833054056751280e+00
-2.369030048311060455e-01 3.047961035074422398e-01 8.873581057151568530e+00
1.248357281371454519e+00 1.652170232883463541e+00 2.210028482531197369e+01
-5.967278729472411669e+00 -1.216824836101091023e+01 2.886678893691168923e+00
-5.970693250177987466e-01 5.390497825270585963e-01 -1.985137168263327112e+01
4.062813891878079176e+00 -9.192484349597293658e+00 -5.881410950506506197e+00
-2.375195161420151635e-01 3.043321735913195880e-01 9.191589550375283579e+00
1.121277598726237557e+00 1.758777203804584133e+00 5.276227248727991537e+00
1.112987067680461450e+01 3.810939228495271891e+00 -9.737843843242899311e+00
-2.524333165147254476e-01 9.857410098015861877e-02 -1.062457505855036288e+00
-8.802962711033501364e+00 3.278731200095876375e+00 -7.550074073091764149e+00
2.653269029909893106e+00 8.415300259781588466e-01 3.075426202708968049e+00
4.636321992372756995e+00 3.991946124599508039e+00 1.421840421659180720e+01
5.909720950177757004e+00 4.971980546328950368e+00 1.830602949421518133e-01
7.415919939931484350e+00 -1.276877066924271276e+00 9.898391932481445110e+00
-2.630830854799341978e-01 2.857048719781687396e-01 1.993814460564271940e+01
1.825646926160914063e+00 9.725458962235506988e-01 2.105951476086465846e+01
-5.319170694975241531e-01 -4.506291151676123263e+00 -6.388998019187965838e-01
3.578572092992317266e+00 2.921548464748070728e+00 1.539604391587135979e+01
-7.541706345568456982e+00 -1.710169970898039082e+01 -3.796351456394404522e-01
-1.180515629429532964e+01 -1.325320723449874549e+01 -1.768744410276667622e+00
1.211455264881635685e+00 4.589405380234552467e+00 1.659430272253803196e+01
2.508543553415165661e-02 9.130586562639564363e-02 -4.538199168697337882e+01
6.997950014097114035e+00 5.860039315738845289e+00 9.735645317879061622e+00
-4.678254612089801867e+00 -3.308545760783317746e+00 -2.656582555237491761e+00
-2.277254401333834721e-01 3.013898269672381502e-01 6.359410817070056510e+00
5.875289102752844883e+00 4.352877413670285023e+00 9.896783642105674517e+00
-8.960175153736145148e-01 -1.903470174536323611e-01 -1.604566179406810988e+01
-2.284279334697316699e+00 -1.641148651391631574e+00 -3.270018906971927208e+01
-2.651408723971258041e-01 -2.660438844914096990e-01 -4.962084716440949705e+01
4.137562279976066293e+00 3.619129982031040527e+00 9.508505230908212980e+00
-1.164276639025047189e+01 -1.622766193259337797e+01 -8.483486947525307187e-01
-2.917407584200418569e+00 2.942322215440071886e+00 2.836368271668561647e+00
1.357151943063854560e-01 9.611424146896752063e-02 -6.248492919310592697e+00
3.523382990161223915e+00 4.408031464018790757e+00 3.810037258531338011e-01
-5.918197002771989901e-01 -1.173368201082212181e-01 -3.298228558001937927e+00
5.808017202993198680e+00 4.210246800234017428e+00 -6.390043091520055896e+00
-2.183790052937808923e+00 3.920795770740483022e+00 7.970154867005931010e+00
-3.060825847538865219e+00 2.703357070382821803e+00 8.618000718952316674e-01
-5.722212387062199923e-01 -5.894761223984346543e+00 -5.082358681952428014e+00
-4.357064590596053222e+00 -1.637242868555483710e+01 -2.875502120505188941e-01
-2.558292835013276090e-01 3.259904839901537343e-01 -5.450657178092114918e+00
-2.216153803891927510e+00 1.468709362133051854e+01 -3.868676782960392302e+00
-5.310386955228523220e-01 -1.742174029943157620e+00 7.419459746924076171e+00
-5.469978846401204464e-01 9.445852714577540610e-02 -2.045017118024861702e+01
-3.888377846322782716e+00 -3.346676676073457202e+00 8.567593503533771582e+00
-3.517194737059412546e+00 -2.833969252679935380e-01 1.658972528069807595e+01
-3.357089430112921491e+00 4.607857419434822077e+00 7.077883613957055786e+00
6.865187705456094136e+00 5.532265613256640790e+00 -3.601526729801935289e+01
-4.456234249482747600e+00 -9.083290795848597554e-01 9.459019373180126422e+00
-1.877538574745642563e+00 1.386756657914156676e+01 -4.888724644484682358e+00
-4.691329188083670942e+00 1.291577827262096889e+01 -2.434184862965594220e+00
-1.020746616299561538e-01 2.355303360635616627e-01 -2.974178016099313027e+01
5.779253548188819423e+00 -2.611776636331342161e+00 -3.539884496573449724e+00
-2.073640715890405772e-01 -2.754730022993499006e-01 -4.866088338181043582e+01
5.883685241531111387e-02 1.434165357245547057e-01 -2.569178159025341301e+00
-5.484649344784259029e+00 8.457095190453856048e-01 -1.169243863010251516e+00
-4.700735624873459528e+00 -1.137001260910926703e+01 -8.202009010442452563e+00
5.742038121266716644e+00 1.688584523288909622e-01 7.204258123129420710e+00
-1.291000848258977385e+01 -6.609803001402383416e+00 -3.242309538769404753e+00
-7.713647016677782631e-01 6.306439813598672117e-01 -1.254435178785161042e+01
-7.222644212479849557e-01 1.780978743488503824e-01 -1.269535201339294872e+00
1.102407816062532220e+01 3.741553870228472078e+00 -9.792092714777027140e+00
-1.000209950569797002e-02 1.837330763976297021e-01 -2.535321584696703212e+00
3.156750517898103681e+00 3.167973602857955484e+00 -1.046116213036566478e+01
9.669312084728858281e-01 7.373684811931298100e-01 -2.382085914117033099e+01
-7.693275338579610434e-01 6.053237174891137329e-01 -6.778053454321252502e+00
8.511425490324882048e-01 1.441735239658783030e+01 -4.057259139118741587e+00
-1.595594962251652760e+00 -5.688386640062276456e+00 1.022541097563362200e+01
-6.747179971085813577e+00 3.086196161051816489e+00 1.706959376690747376e+01
-2.171917570904611239e+00 -1.760632254875758917e+00 -4.235452938760954567e+01
3.153249393463852357e+00 2.765125730380987079e+00 1.899626378022139761e+01
-1.580248160623796139e+00 -1.548367917604753075e+01 -1.739389303502321127e-01
-3.192412863581353122e-01 3.909633532762200048e-01 1.038182752426882871e+01
3.180909926023048229e+00 -9.577527622845877886e+00 -5.698257921735603304e-01
-1.166352570756731666e+01 -1.276336734795745542e+01 -1.905820236182989902e+00
1.740739503853490078e+00 -1.325866305031331649e+01 -1.813714683486978174e+00
-2.283555604028094876e+00 -1.812676943830297205e+00 -4.093649151530871677e+01
1.503980641535918039e-02 1.509301384561467785e-01 2.240393591765041492e+00
-1.889656420679557414e-01 5.931298950867130770e+00 4.021492706929166161e+00
-2.225820041434758423e+00 -1.588545184626809714e+00 -2.949672206970308252e+01
-6.064963809149617191e-01 -2.407453548778448749e-02 -2.172525678103784230e+01
-1.095284692979532792e+00 -1.350753266779861406e+00 2.596795513157394453e+01
-2.033763362204581426e-01 6.163054540832035855e-01 -2.628106917722107028e+01
-2.380102508977870457e-01 3.062848030607483452e-01 8.958552398692063434e+00
-1.483214641262293298e+00 -5.869814165957222940e+00 1.025757678315676458e+01
-1.022907502230964383e+00 -5.403412018782432824e+00 5.988652145006199135e-01
-1.870952831846409481e+00 -1.337736106580587148e+01 -6.355567943969163025e+00
9.322045078123437634e-01 -1.906285629454941954e+00 5.488480340166461247e+00
-1.933694713713180136e+00 -5.723510342734243750e-01 -1.505039809962272557e+01
-1.119681220839368052e+00 1.433505545808202442e-01 2.939225277170135087e+01
-1.999803692338559813e-01 2.852368182404916297e-01 5.036530125358240184e+00
3.028223373914272543e+00 2.971580728821777484e+00 -7.219982782939041499e+00
7.728664375039727474e+00 5.629552747638967958e+00 -5.378655255098237831e+00
2.561516063950136868e+00 -1.066641649820167004e+01 -6.826600499425694579e-02
8.375277524251032446e-01 -1.259102449596412043e-01 1.114362106577527811e+01
-3.091216349916066974e+00 -1.527279630848966008e+00 -4.181762845036928411e+01
-4.069434228284762867e+00 1.335081351848998565e+00 3.657586080662895256e+00
8.989568153768402681e+00 4.991523336310024206e+00 -2.639278350104177662e+01
-1.550374167234394918e+01 -9.185572824801283787e+00 -1.726672533350438243e+01
-4.256812425094267383e-01 4.321603298346872180e-01 -1.091276182034789599e+01
6.312117264202981914e+00 -3.570919778456755012e+00 -2.629757096527555404e+00
-7.768988700902923483e-01 6.085506077951094994e-01 -6.686834523243305739e+00
-3.401140087656244759e-01 1.173849126489585615e-01 -2.489691500049957540e+00
1.520826417498710725e-01 1.196138381574201048e-01 -1.242284338802210186e+01
1.533074167286372358e-01 2.354107452407561141e-01 1.216236992353378810e+01
-1.533750008078982319e-01 3.245347750087148597e-01 1.408772031397529645e+01
-1.963322309117017994e+00 -1.493225113089238221e+00 1.758494773692882518e+01
-3.395139927407058167e-01 3.006660962979594842e-01 -2.453716693178193964e+01
6.324078408398008833e+00 2.349250705857002686e+00 7.827202595494782145e+00
-9.987522179275174494e-01 -5.880710417450245586e-01 -4.261162903761305643e+01
4.080131918419738213e-02 1.137325554814538009e+00 2.480406837692089539e+01
3.852482501248516655e+00 6.931140087152243723e+00 1.372791689007863170e+01
-2.300059134102525604e-01 5.337939720541271527e-01 -2.573942584528140287e+01
-4.798558852569954070e-01 4.255519059172456764e-01 -1.689640616484030033e+01
-5.922918778363737147e-01 5.632937289922210766e-01 -8.421629625358946214e-01
-1.183534472594260478e+00 -5.503231179551903551e+00 -5.327066248416940653e+00
-3.614444753570751345e-01 -5.853937453269509206e+00 -5.051574354624335683e+00
-7.579932105275588583e-01 -6.677683164829886664e+00 -7.068019961499885540e+00
-9.770918456178492306e-01 1.062487172732198815e+01 4.414348559967038454e+00
-3.789828822568381383e+00 -1.096622768239626566e+00 4.371440197495758184e+00
-3.524815559149487854e+00 -1.081859582026879707e+01 -7.617519173353684891e+00
-5.189517747728586983e-01 5.298598463648431789e-01 8.527241910378052125e+00
2.296799715677593667e+00 3.262382309849158446e+00 5.606050490484449256e+00
7.130316821871929278e-03 1.158735320774439970e-01 -4.581416817779745543e+01
8.692653007400906517e+00 4.824343613619248572e+00 -2.663895502413060967e+01
3.340633779482857335e+00 -4.700502524150692807e+00 -4.027938768414969672e+00
-3.672596825610924043e+00 -3.329096825115584579e+00 4.183620748310204362e+00
6.851964671888993053e+00 -2.401393697933372096e+00 3.904747320906608365e+00
2.231917570464133860e+00 -1.119587599958640567e+01 1.723589782081944577e-01
-1.107917195658723131e+01 -3.157286050905781849e+00 1.148055139743519248e+00
-1.830271332972586151e+00 -4.655729247610906896e-01 3.326216405852392199e+00
5.797084990507528346e-02 1.345894958524240792e-01 1.587503673331411846e-01
9.390341744042359551e+00 5.368855063396154037e+00 2.154303282908085748e+01
9.591707946780161365e+00 5.428236030758853303e+00 1.770589942085871371e+01
-8.213344901937603026e+00 -4.408317401017711745e+00 4.379234220087710128e+00
6.415043724455586016e+00 1.653357893468864859e+00 9.053688960173531086e+00
9.392416026245427929e+00 -1.936614274509906863e+00 2.238036511380414595e-01
4.415458361690127731e+00 4.295737743280483301e+00 8.155335070445289603e+00
-4.303964203343298323e+00 1.184072481832174617e+01 -2.318944671781537181e+00
-6.302990784820963199e-01 -8.466790636487075972e-02 -3.573555498936002550e+00
-4.059137042578413457e-01 6.373976753082843061e+00 4.841555845910534117e+00
-1.768993404252796608e-01 2.639434660424058166e-01 2.696229096618708354e+01
2.172544850744259293e+00 -7.426009420540822248e-01 1.309200299916710719e+01
6.222704570408836844e-01 5.875644802969191005e-01 -2.324313237130400012e+01
8.962365368870450766e-01 -4.899066485381808889e-02 4.948486536817654269e+00
-2.042477000463520653e+00 4.220445957508900392e-01 8.476230238703465147e+00
-6.261938142014287223e-01 5.479263082569332255e-01 -1.218421845823695548e+01
-4.595934884281973609e-01 -2.503218151090322863e-01 -2.017534560003696242e+00
-8.708044673841186523e-02 1.269863115184989510e+00 -2.094362765822506844e+01
-3.722478570200678405e+00 5.948460233945070286e+00 6.210396527987086301e+00
-3.813035627932038096e+00 -3.592703865410612707e+00 -5.089554750430579588e+00
1.885988743927896394e+00 -7.877959635349043310e-01 1.306255891381897527e+01
1.342201024820326438e+00 -1.818713900767033920e+01 1.398701009135493223e+00
-7.239654976073666148e-01 5.774652414989986937e-01 -5.689797585562700988e+00
8.219479548837966831e-01 -2.847227338728544055e-01 4.566249524084469158e+00
-4.254964956549656563e+00 -4.556097720718526034e-01 1.441766727037611417e+01
-4.528108334011108127e+00 -2.279573949582413661e+00 -4.478363169276235567e+00
-3.132737046460533747e+00 -1.357654482022098819e+00 4.072586855033932807e+00
-2.344142785695453313e-01 3.044930026288739100e-01 8.923871060067085637e+00
-3.881895195482911731e-01 2.967608373588745962e-01 -1.119868698247773864e+01
5.625878317893409530e+00 -3.196730403336346171e+00 -3.323218916154928593e+00
2.239464549802505644e-03 3.037259718341829284e-01 3.467086147517875361e+00
1.030600950172072316e+00 7.685425096508424758e-01 -5.475571561960350664e-01
1.292572898728963082e-01 1.128816995957322433e-01 1.563961743142954219e+01
-2.386473813160137070e-01 3.071446198388230187e-01 8.979295220722633530e+00
-1.962858379200838499e+00 -1.588809109201520187e+00 -4.336484503044721350e+01
-2.267557238606741521e+00 -2.291253727155435627e-01 1.496514580970551833e+01
1.496001214571219862e+01 9.159471765354169293e+00 1.509279870353657316e+01
-2.207025721574495947e-01 -3.907776197742805380e+00 4.214858696001101634e+00
-2.093558773626114089e-01 2.996846267863020330e-01 -5.335581939767962467e+00
-1.200421518066718818e-01 -3.034964311484600330e-01 -4.653626993758462049e+01
-6.977111885197075480e+00 -1.840582938443446892e+01 1.953272521406233864e+00
-5.178274151947789505e+00 -1.213527634638899144e+01 -8.539172654428512033e+00
9.890973671389701849e+00 5.664320686514315639e+00 9.130123991255914007e+00
3.759721260937567422e+00 4.299038862372981384e+00 1.482751326790003077e+01
-4.368238081411845997e-01 4.006811385875153064e-01 -1.816600708306486922e+01
-5.005533452517738624e-01 6.186519085038071353e-01 3.391829117681845673e+01
-3.749005048376261584e-01 2.332629643392579055e+00 -2.309047500235465122e+00
2.385022690452785810e+00 1.442362567581540134e+00 1.559825550201230726e+01
-1.050252562447099081e+00 -1.275762688363784036e-01 -1.107004437149316800e+01
-4.838394968041370703e-01 -2.815061531205174106e-01 -1.931387929342236021e+00
5.640033335114310376e+00 5.038656553885061840e+00 2.499186720699844955e+01
-1.018881209479292238e+01 -3.044410871339096047e+00 -3.930513486012841895e+00
-1.039899708976008696e+01 -1.004104309498666225e+01 -2.546373426256195671e+00
-6.420540316032088413e-01 -1.859922619735243643e-01 -4.121260198232312177e+01
-3.030429155951992470e-01 2.618011407848825911e-01 -3.613041089581201959e+00
7.065922963507887289e+00 7.797794161184015138e+00 1.081961241230146697e+01
-7.573540181985549680e-01 6.042040999579967320e-01 -1.414604404964529749e+01
5.377708803298673956e+00 -1.041677271742878474e+01 7.489516971681950963e-01
-1.509068940014344662e+00 -4.876786697902844026e-01 -3.468920031091329292e-01
-4.394296512804089616e+00 -2.094279394291334029e-01 1.707705788378143552e+01
1.698138366081991535e+00 2.435116916657875663e+00 1.628680997408127951e+01
-2.374865255701479327e-01 3.061260359339712522e-01 8.946613935514960758e+00
-2.046182254060909145e+00 -4.187179536206940611e+00 9.959424490346009406e+00
3.138580963946537850e-01 -9.934984592322052777e+00 -7.012307133340982546e+00
2.676776874241397763e+00 3.148678242165487973e+00 2.178774039554537012e+01
9.621537612913471094e-01 -7.334213154456392658e-01 5.316042745092090627e+00
-1.196724928319383707e+01 -1.532673477826335784e+01 -1.141036924105719663e+00
1.318988033724394882e+00 1.100325296697405975e+01 -5.277044293897233729e+00
4.864521901463547238e+00 4.193089640977518684e+00 1.648997003916156245e+01
-8.129309667872689715e+00 -2.329068054953268074e+00 1.223767090370984079e+01
-4.347779806539847414e+00 -2.013166834504204417e+00 5.165646975813615427e+00
-1.148690243021633250e+00 -3.019170075226611516e-01 -2.863701488936385431e+00
-2.119909992866269022e-01 2.873729577657968548e-01 8.150881343249693600e+00
6.221302467629357125e+00 5.289809653318684468e+00 6.671969363796961261e-01
-8.683033731352338691e-01 6.906662029623475973e-01 -1.584681112243151802e+01
-2.374597207305555457e-01 3.061693360594972546e-01 8.945046883353370504e+00
-1.297743670153295170e-02 2.346973241252499065e-01 1.922670292437442185e+01
-3.270359278712533069e+00 1.430759894987954794e+01 -3.767890586054818414e+00
-7.140642022403085321e-01 5.793663232001335928e-01 -1.380395243899374691e+01
-4.199524300608516114e+00 -1.107078399889303455e+01 -7.916145705633880425e+00
-2.778649235654029326e-01 2.917235894243503935e-01 1.900152165260487891e+01
1.410621408861345571e+00 1.716192561318962362e+00 5.144862915567955497e+00
9.659476770505079912e-01 1.595896565003840806e+00 -3.648718647505120316e-01
-1.730202681003788712e+00 -9.881002822422715326e-01 -3.330847985887885443e+00
-1.234236854180608134e-01 2.982268558940859293e-01 2.421549595656961174e+01
-7.761421488492032950e-01 6.090021662467961505e-01 -6.806384107871053857e+00
-1.037699649870091889e+00 -3.860482046309243742e-02 -8.717981553685149265e+00
6.210498093611249715e-02 1.468475551937444834e-01 -2.009266297941849189e+00
1.176035762212904956e+00 -1.063217022274318424e+01 -4.370092236388700258e+00
-2.386308860301369350e-01 3.063610937581415783e-01 8.962923649457934516e+00
-2.384391283314357679e-01 3.062518124889948012e-01 8.959645211383303831e+00
2.692311309746514780e+00 3.100693455455370895e+00 2.026248316483452072e+01
-6.003683821996901315e-01 5.316949469221299296e-01 -5.124091755302742968e+00
8.993852804283335445e+00 -7.048989041976483350e-01 3.817239829157642816e+00
-2.499810864209791816e+00 7.951068357853387170e+00 -2.168878808221506915e+00
-6.058132702350064847e+00 9.038685034283389541e+00 5.829107994193236664e+00
1.279747813934477563e-01 -1.066935377424329090e+00 1.246749147464106500e+01
-1.820875205736456337e+00 -1.043217218197469265e+00 -6.176779663820070709e+00
4.136834463736249745e-02 1.430969395601096039e-01 7.728080044139460369e-01
1.934264260052202644e+00 3.531154436544511555e+00 6.419433038672195835e+00
6.707439165961091021e-01 1.279323161654019714e+00 -6.952924104067733424e+00
1.727285539761282962e-01 1.344285721386313526e+00 -1.463197455342606190e+01
1.144889156820136122e+01 1.419261237371665629e+01 4.643756748750547558e+00
-2.380659224877490487e-01 3.062229457386820286e-01 8.959542115846488741e+00
-4.650781709930811303e-01 1.975550108397783333e-02 -4.029367022342330529e+01
-4.797641305769104747e+00 1.358387446634117168e+01 -2.556909790130703186e+00
-8.213392322406889434e-01 -1.749527918786952796e-01 -1.784583358356530880e+01
1.381307223889734814e+00 -5.738809720415929405e-01 1.109448573287272666e+01
1.878126678281375916e+00 -1.754624354041470724e+01 -1.441030819619300019e-01
9.835749519553473874e-01 -3.162084117194694954e+00 5.733744622530139168e+00
8.073772561101975498e+00 6.426126599485201041e+00 1.034801218815482571e+01
-2.493507599604072311e-01 3.099137659609141338e-01 9.256663453287728771e+00
1.537505209986420596e+00 2.679315191169962418e+00 6.625397302357214357e+00
-5.537774471488319250e-01 5.533583279031972779e-02 -4.074652767895531724e+01
-2.681562110090681017e+00 8.333981677308997860e+00 -2.175415065263223369e+00
1.941105718134394920e-02 1.636995516607839818e-01 5.408828728331627644e+00
-4.555191528086197650e-01 4.222652201998471355e-01 -3.242639444487394940e+00
-1.375368461987250157e+00 2.029829803777033703e+00 1.035949052882187971e+00
1.174796553858982406e+00 1.378339319705708022e+01 -4.230439022059272247e+00
-2.083290458147075697e-01 2.645146153168980163e-01 2.332367832388308670e+01
-5.208136801698515228e-01 2.556911922080075783e+00 8.178401349464365921e-01
8.611516819834491798e+00 6.692521343098974285e+00 1.065150482977833235e+01
-2.079469741025945950e+00 -1.045151385146459688e+01 -7.222786981543777074e+00
-1.443376460403555939e-01 2.635413934483494813e-01 -8.271351068583499000e+00
-2.851331589192227511e-01 4.449359287714287348e-01 -2.735842404031700426e+00
-2.729699474718358942e-01 -2.514269992649360574e-01 -1.831426496731637599e+00
-8.624949671070680779e-02 -3.916616724229697866e-01 -4.152343502617623017e+01
-2.518930959012095627e-01 3.116911330175753392e-01 9.390357745582150528e+00
6.059564127377825571e+00 5.607719174827252573e+00 3.067861702423124370e+01
-5.710995592643826058e-01 5.161440161311929842e-01 -1.181243533294855297e+01
-2.075661388414005160e-01 2.845192733034309640e-01 7.781943654781116493e+00
6.794383752601163451e+00 1.165637651167116928e+00 8.168407584528722509e+00
-9.664668195815124818e-01 6.298047836892237683e-01 -2.258849633088630071e+01
7.565482700748589195e-01 6.661356509044935592e-01 6.943385176474293985e+00
6.566775615369806474e-01 1.907805926262994944e+00 4.101388274445753268e+01
1.466989924634901854e+00 7.542782111609085405e-01 1.283069054911265994e+00
1.417349423601592662e+00 2.507650812622614467e+00 4.260786346008853798e+01
4.345716292865631658e+00 -2.084030582770537876e+00 -6.937872155675449903e+00
-2.385154190287721576e-01 3.061796456131560262e-01 8.961191644437349169e+00
-1.822099980715222500e+00 -2.271984056153428355e+00 7.818707523251305247e+00
-4.115406586636254360e-01 4.079473120305010525e-01 -2.094244141626404598e-01
-9.391815547767805583e-01 2.076471171446883091e-01 -6.123767938728633453e+00
-2.404639246768169869e-01 3.041301063389028059e-01 8.806589577251997980e+00
1.071872155169376128e+01 1.286240777506145605e+01 6.805299014306001482e+00
-2.047310115757454696e-01 2.848038169853452928e-01 1.299721696251071990e+01
-4.237607791951631953e+00 -8.055778817450800489e-01 1.215329751628360100e+01
-7.028424595839396716e+00 -2.513351327221357678e+00 1.465121989974431926e+01
-2.367999092941772687e-01 3.058023159479716924e-01 8.878983263286500005e+00
-7.901503583732960578e+00 -8.786011638041713923e+00 -2.664170386755813524e+00
-1.899543286148741572e+00 -2.733563394110433364e+00 -5.538047457343964197e-01
-2.073785049641969636e-01 2.865234505413809529e-01 7.952649244834901765e+00
-2.997568487987450681e+00 -3.238158313897656626e+00 -3.287300431087260222e+00
-2.442050558687583361e+00 1.284890225972321787e+01 -5.311168916622136749e+00
-9.433033143433817713e-01 2.465182583898695157e-01 -6.527551918681183452e+00
6.410210605684142138e+00 -2.107764290523164163e-01 8.200325962763145071e+00
-2.457630352751039027e-01 3.103282100192927828e-01 9.327222038764375611e+00
-2.531541608567010826e+00 3.432619846165266608e+00 2.837481703466892213e+00
-4.095814314275230572e+00 -1.875608521485105484e+00 4.992817617699074617e+00
-6.893730276836265602e+00 -4.412210288492360633e+00 -1.644328716305608395e+00
-1.518079489942351756e+00 -6.109981404975314945e+00 1.259109652128245216e+00
1.100520343320113170e+00 7.598680511733846288e-01 -3.190768272447712661e-01
-4.298174354511843376e-01 -4.263596010092555844e+00 -9.761253032274908037e-01
1.046120333380991951e+01 1.204306836674959413e+01 6.899198429344778560e+00
-3.573639543530305218e+00 1.370452315420607192e-01 2.488235262552279892e+00
-3.338371404427391553e+00 -1.841401422330591231e+00 -4.650111435949065708e+01
-3.502936620824357306e-01 -1.326173117349242148e+01 7.875142020168368617e+00
-4.415579551970836292e-01 4.299767663625289060e-01 -4.716328287624946825e+00
-4.308683917024040966e+00 -3.448975368701212574e-01 1.509797409949032954e+01
-8.333684194901138653e-01 6.476196924712667169e-01 -1.524248570403642589e+01
-2.983520686647693765e-01 8.075641703800329196e-01 2.999798028939858341e+01
3.361052881527768932e+00 3.395641538978111384e+00 -1.344169534131788168e+01
-3.685848722450941750e-01 2.569721458348794840e-01 -2.429039745457839672e+01
-2.376679737151903282e-01 3.061549026842840249e-01 8.950428470381666557e+00
-4.296669159672319438e-01 1.475341714696014606e-01 -3.361013739994632488e+00
2.338060611469018113e+00 -1.356809399486439816e+01 1.062541199266888725e-01
-5.410513340698344109e-01 4.477804461504319988e+00 1.701025197584840498e+01
-3.378624022390113169e-01 4.138773673149671595e-01 -3.726837943248028751e+00
-7.890455862517455898e-01 6.223571621011387833e-01 -1.445931014817006144e+01
2.588630190163542011e+00 -9.084672276043193051e-01 1.290742074984200372e+01
7.086700838021386062e+00 -3.247630731831009143e+00 -2.164218889952280733e+00
-8.729571056724125810e-01 6.934312252628842543e-01 -1.869527895057217393e+01
-3.304745760623859496e-01 3.654533936174857445e-01 -5.957949077125704207e+00
1.112469116050647244e+00 3.416207141503946332e-02 9.958496630513764103e+00
-2.379174649145170406e-01 3.055858153203416805e-01 8.896798172068884014e+00
-2.366102135061964873e-01 3.013753935920249205e-01 -2.734505635658570100e+01
-3.290487651343426023e+00 2.463771290193108143e+00 2.942577293816611927e+00
4.552907396917476035e-01 -6.124214774804272565e+00 5.597369846274887095e+00
-2.275976016675258506e-01 3.007197059771442582e-01 8.581985640489619982e+00
-2.385319143146489296e-01 3.062002647204735695e-01 8.964387606082254933e+00
-1.372467350100237127e-01 2.553019981367015134e-01 -2.892903680513427389e+01
-1.346315521454016562e+01 -8.374852203377145088e+00 -5.619115285441239394e+00
1.127236932795364055e+01 3.882937027667821894e+00 -9.511858426285471069e+00
1.356971728240017683e+01 8.960190154373094629e+00 1.490673187847960435e+01
3.292267539286001465e+00 2.813481661024070490e+00 1.782221180562692098e+01
4.191749294188184649e+00 -7.526930588406003153e+00 -2.802922862506420643e-01
-2.053248418684461285e-01 -4.129633669401414409e+00 6.385102224873662635e+00
-2.581685215820641588e+00 -4.069322780295578923e+00 8.082962003518787242e+00
-6.083995245268170038e-01 5.241937156549738575e-01 -1.576981937544951506e+01
-2.193664539988162687e-01 2.911874926323889667e-01 7.846151555183041637e+00
-3.285322561465591207e-01 3.395413613646951489e-01 8.347360817536809918e+00
9.505431453993651303e-02 3.764302931408110453e+00 1.153150771393256946e+01
1.332679121029116232e+00 1.290520891817459415e+01 -4.530055271494347835e+00
6.264767546000371112e+00 6.074954333940468132e+00 3.841342153996265552e+01
-3.452192997545466824e-01 3.986748994387880884e-01 -1.843104508941269160e+01
5.291296186152010250e+00 -4.371827766675664861e+00 -2.861928245701164997e+00
3.820950086321772687e-03 1.575241289984887771e-01 2.550937968115249532e+00
-6.652719716326146226e+00 -1.184298400389764083e+01 -1.855268687013449380e-01
-1.266722261345591960e+00 -1.452230203783074103e+00 2.428877626422172398e+01
-1.789880560035612689e-01 2.728344251474936755e-01 4.886897263053924689e+00
-1.676011542970229584e+00 1.461533706571435687e+01 -4.509518640536953171e+00
-6.163440631252115054e-02 8.535931505593907787e-02 -3.445767930692591108e+01
2.098635698570205932e-02 1.915188513468137899e-01 1.899970717115502339e+01
-1.309125452208945717e-01 -1.188569854675972692e+01 -5.414037643373831088e+00
-1.040957468837177657e+00 -1.528078922127383521e+01 -1.448247507205451257e-01
1.707190154224690559e+00 2.603960601314838641e+00 3.218659544295223895e+01
-1.147395157234387852e+01 -4.326193558207478418e+00 -8.066774787234862742e-01
-1.890563661404485174e-01 2.587247699628960618e-01 -2.662311954965798577e+01
-1.088127800805580137e+00 -6.321031455692036616e-01 -2.145038346046658262e+01
2.991038875653202922e+00 -9.402079638093141511e+00 -6.565635410024697194e+00
-1.777632810247951056e-01 2.457656609702780770e-01 -2.784694604948390406e+01
2.607581211762635576e+00 6.228941951725346371e+00 6.520177997363589384e+00
-1.062102363462201993e+00 1.308326944864575125e-01 -1.268891234973943938e+01
2.131999437979288814e+00 1.265918679941933078e+00 -2.525460877329942377e+01
-2.291522823645095741e-01 3.017341660605552534e-01 8.692236007686005905e+00
-6.070023741579973375e+00 3.816002166119005778e-01 -1.606368939606909407e+00
1.137125448141205197e-01 1.079784758591131322e-01 -6.474622670019925863e+00
-1.528283886187978169e+00 -1.569918802454185425e+01 1.626768955939041916e+00
-2.951130134331265253e+00 -2.655840783966141316e-01 1.587667530905400781e+01
1.396612787302842662e+00 2.016373774296539523e+00 1.955949531759461024e+01
2.237414624493396786e+00 3.141847131888312106e+00 4.379511166341035278e+01
-3.833238229349433368e+00 -2.693743773925348250e+00 8.556232375363833853e+00
7.303510752191812117e+00 5.745619765029005066e+00 -3.443932830135236145e+01
6.322929924116579059e+00 -3.002942837713362678e-01 -4.292791202796252037e+00
2.305727789175989528e+00 1.363560462971349807e+00 1.674785321524632309e+01
-3.722035255914306617e-01 3.916334742663138968e-01 -5.380181069045192999e+00
-3.023084633378402941e+00 -1.699795467016463135e+01 1.634439263886633853e+00
-2.376061163929534814e-01 3.065404799923499013e-01 8.952985239697682118e+00
1.822059201475610735e+00 -1.770535706829582523e+01 3.307690781139172032e-02
-1.370776583294741613e-01 2.029665797679172101e-01 -3.571278499265781647e+01
-2.002430570097260443e+00 -1.267866516996264181e+00 -1.464521202036803516e+01
-4.589831628495062432e-01 -2.999973686248722515e-01 -1.443436753037531162e+00
-1.440883613797552698e+00 -4.867569956900297257e-01 -2.388272612961372943e-01
-1.939967042702619437e-01 4.182073798660894681e-01 1.363915163277897591e+01
-1.063685910909498489e+00 3.311761894980236320e-01 -1.698508894571023120e+01
-6.018242977199975030e+00 -1.869902896765086098e+01 1.600067211873465567e+00
-1.232793481887028975e-02 1.362651160335644818e+00 3.904634566030290443e+01
9.577101371107460182e+00 -1.684259081115669687e+00 8.204587615846321569e-01
1.219709093568496883e+00 1.478221257237692043e+00 2.306820758336289146e+01
-1.510654549372418387e+00 -5.047121144024231398e-01 1.700193597343059082e+00
1.051432437841981482e-01 1.241273607644188814e-01 -5.008542277508240659e+00
2.999010222568927020e+00 1.680428719556857686e+00 -2.596844227102474179e+01
-3.423324188771005083e+00 -1.904728886847124159e+00 -5.000677499736502796e+01
-3.621519172792773134e+00 -1.691739693275508216e+00 -7.617931555500945251e+00
-5.106896984430022712e-01 4.624869129789885847e-01 -1.256701218686976063e+01
-1.976794834231185405e+01 -1.184688101519373049e+01 -1.401579314828404677e+01
-4.967738628677693669e-01 4.601466442904893484e-01 -7.519083554689586890e+00
1.677593525732845592e-02 -6.059498697600247397e-01 1.490673187847960435e+01
-1.023534323095532272e+00 5.032632597467454616e-01 -2.033119893062712435e+01
-1.923327423041882867e-01 2.784428223566237648e-01 -2.674017422229144358e+01
9.775747951835001004e-02 1.554972707424440159e-01 1.466583884688134276e+01
-4.367532911416219576e+00 -1.797972109691465903e+01 1.531013821235319483e+00
1.310550694981770903e+00 2.057541884104580276e+00 -6.757145679431687313e+00
8.624185199412863767e+00 7.565002376878283030e+00 5.074366187413033913e+00
4.002750432060793173e+00 3.933264144977101751e+00 1.562787865718291869e+00
-8.384737104790360718e-01 4.229023506180737968e-01 3.568079185712031176e+01
2.128828219263141364e+00 3.002886719566845386e+00 5.402684234330536128e+00
-1.690001603854511814e-01 2.350829014333157829e-01 -2.901759587135984475e+01
-8.158248585089836524e+00 4.981595236103430580e+00 -7.515722640185686032e+00
9.445817452466087616e+00 8.980516470434963594e+00 6.016700633196705894e+00
8.377978623841329409e+00 5.199572191751826722e+00 2.793679121949389810e+01
2.084810548814232334e+00 -1.552762467962065784e+01 -1.053591289678479370e+00
-2.762050854207700468e-01 3.411001658831764871e-01 -2.128798737068927949e+01
-8.770582461316394074e-01 1.339024042887319865e+01 5.720507155588165915e+00
-1.654037760228334264e+00 1.483153253048465103e+01 -3.897522914194269106e+00
-7.294233753326011538e-01 5.789498172308640278e-01 -5.872276685934139095e+00
1.178510055099309284e+00 -7.540301132785316440e-01 1.022332844578795630e+01
-7.593911860083153442e-01 5.998390349242299635e-01 -6.749764038986995729e+00
-2.395649315947139257e-01 3.075858687369645850e-01 8.999007087384597980e+00
-3.729800415233682997e+00 1.409511492443891711e+01 -3.684506915783458680e+00
9.666951193455474822e+00 5.471678428111658832e+00 1.563411212975734088e+01
-3.151648888278373306e-01 3.066126468681886763e-01 1.607447440621399437e+01
7.134217570993882873e+00 5.499033797881565988e+00 -2.388187107992735037e+01
5.079142066429483293e+00 4.401307573099984438e+00 1.870499826927789400e+01
9.631111060995976914e+00 5.448888128717271684e+00 1.668034625766267709e+01
-2.373813681224419270e-01 3.061136644695352516e-01 8.945747933004895458e+00
9.403325599440677252e-01 -2.317756412640960662e+00 5.561636933174213482e+00
-8.964463928072632370e-01 2.699992978817817857e-01 -6.605182857992076606e+00
1.777187899980845032e+00 2.524057436370071628e+00 1.557062589811403086e+01
-1.202121154913538703e+01 -5.618265179661875663e+00 -2.088051907266162743e+00
1.125652354392701682e+01 1.300296204438393488e+01 -2.620856144280878652e-01
1.147063892670985297e-02 1.691244388141512900e-01 3.607399173284193239e+00
-3.483482496482281476e+00 -1.514856618648650510e+00 5.264309404658888525e+00
2.186060713887627571e-02 1.467877597823417091e-01 1.868631085584183893e+00
-5.101288587221119997e-01 -1.089946189752834016e+01 6.784535573167431721e+00
-6.250164631696861761e-01 6.122914377721826895e+00 4.465215897889720509e+00
-1.463232660816515818e-01 2.532070968261450616e-01 5.590256254226915189e+00
-1.139991041615189715e+00 -1.532711004601787863e+01 1.581365681473471341e+00
-8.782753923883831249e+00 -7.697190805740319774e+00 -2.877227623382168531e+00
-7.446753290664673841e-01 5.962941033062747920e+00 4.277808830852791289e+00
-2.115746998561917280e+00 1.338955793641866876e+01 -5.095946673720391118e+00
2.122005356628960726e+00 3.161062078061945613e+00 3.210226329374108900e+01
8.021282499427798030e+00 -5.052060262187296757e-02 5.687104201621423272e+00
7.722579676449925046e+00 -1.951346626737631595e+00 1.054016164989025128e+01
-1.343004711033188414e+00 1.307545676404458845e+01 5.817478817627034005e+00
-5.459848682419647048e+00 -1.666452720843676616e+01 -3.222315506750419445e-01
-5.695716837547479372e+00 -3.659948960330666523e+00 -7.756869603217637632e-01
6.395430832986903624e-01 1.458035151106173544e+00 -1.773009853380426648e+01
-2.059496008222936325e-01 2.858244628010879751e-01 6.881507235206754558e+00
8.420730281096780345e+00 4.744155904992567230e+00 -5.350413580126769375e-01
5.008327804020893836e+00 4.531856336368491611e-01 6.177385337060513848e+00
-3.551269873926514720e+00 -2.313077937174966792e+00 1.088136013678195013e+00
2.037368044628294683e+00 -9.580292645146528230e+00 -6.843209833662967867e+00
-2.480331989984279062e-01 3.780990921776492542e-01 1.285657403102686658e+01
-1.047605069058647587e+00 -1.009714345755128306e-01 -9.057722586094769213e+00
-1.588184451579763845e-01 4.002934993686722009e-01 1.419300147629110143e+01
-1.601982555876691094e+01 -9.478461059496112284e+00 -1.726961200853838818e+01
3.429780490268967696e+00 3.653685544100426341e+00 -1.105276555950285911e+01
-7.777753886930611316e+00 -4.113074464259284468e+00 6.171488272348142345e+00
-1.420695445755313813e+00 -8.049428132375169298e-01 6.573437151743291906e+00
1.936631333580180581e+00 2.540276426240438923e+00 2.964491931361726529e+01
-6.250803824025297217e-01 7.916378771586096263e+00 4.130217260179506411e+00
-1.163053513574868703e+01 -4.764751662767480411e+00 -1.297206043451751611e+00
-1.109470635383900117e-01 6.938250502139453602e-01 -2.671343124001077740e+01
9.342726042831941413e-01 -1.096704102198793862e+01 -3.257505820913593197e+00
7.476389596164267459e+00 5.760413974579023488e+00 -2.846747808628424536e+01
-6.426396142530279576e-01 5.516604286046913330e-01 -6.578130589100965153e+00
-1.285990817198467084e+00 5.199697968306850271e+00 -2.194714549777017965e+00
-8.747223078035233357e+00 -5.374421553796878470e+00 -4.873177837515413557e+00
5.764508824496715533e+00 4.708649802072841339e+00 1.029040240211634227e+01
-4.527850591691162663e-01 4.332366472402782165e-01 -1.998812410496611847e+00
3.765746164115967076e+00 7.432181219586482257e-01 4.526867028976084839e+00
-2.595427847416544864e-01 4.493298605556219627e-01 -2.528448585990281572e+01
-2.154282044879209934e-01 2.888389763008945010e-01 7.733014512952195219e+00
8.047914138528369676e+00 4.451379013477662738e+00 -2.699230466741528289e+01
5.728217519617828657e-03 1.778793118105568283e-01 -3.849047392728607520e+00
3.504652631261251372e-02 1.589303521221836490e-01 -1.459066036436524882e+00
2.244453987755207436e+00 -1.085922566655881383e-01 8.353793979041711282e+00
-8.534019442269027422e-01 6.820288588781977523e-01 -1.999193213768785427e+01
-3.297327009263483433e+00 4.188075007050429122e-03 8.330762436090935807e+00
6.138613661276735911e+00 3.339646229048298665e+00 -2.718406236611099303e+01
9.674695730189853293e+00 2.143257575421671390e+00 -8.492923996559966326e+00
3.245633304109674100e+00 6.518529067327563098e+00 7.177783189245474205e+00
1.080521871065798223e+00 8.117890254835629094e-01 -6.258685260504535108e-01
-2.693933574522645813e+00 -1.045460577081144038e+00 -3.399746083005629771e+01
3.694183431586566257e-01 -4.332401024681757917e-01 1.391786010732403156e+01
-2.340637537440102278e-01 2.740220857328949933e-01 2.171369718092046242e+01
-1.173697096460102784e+00 -1.406340318383399790e+00 2.548804540715036637e+01
3.025668666509091054e+00 3.310395963309701983e+00 7.141101797204555623e+00
-1.794288928672187922e+00 -1.248835080878507142e+00 3.127778116363515437e+00
1.473843715930172493e+00 2.009614830895202431e+00 -2.749842777947378636e+00
-2.251350620200867070e+00 -1.615455181677248220e+00 1.773917866018064160e+01
8.900734856891858726e-01 1.290880171344269911e+00 -2.085185851339247165e+00
-1.300146247149245937e+01 -6.178513132196258084e+00 -3.968102118778915610e+00
-2.269116043125222859e+00 -2.136774259465596515e+00 9.407533462035189586e+00
-2.591365883261005365e-01 2.002922815397596423e-01 -2.672769966232272054e+01
3.145607952266402663e+00 -1.296615214528355864e+01 2.110610427725987392e-01
1.158816749111792888e-01 1.065640050924230309e-01 -3.676176796398976876e+00
-4.524452566271463638e+00 3.568593496587482150e-01 4.909784472253249987e+00
-1.157851312433479052e+00 -4.528613397332833301e+00 -8.640742377414881048e+00
-3.178639299847532129e-01 3.475518845843907911e-01 -2.451627977599946462e+01
-3.948061911086711007e-01 1.375492851930994220e+01 5.519017238205833564e+00
-5.505113805388077708e-01 5.810385328092024793e-01 3.504739349731062248e+01
-3.956907508155609321e-01 4.069204804826540567e-01 -2.818339452685904689e+00
1.469546697428540938e-01 9.306879930784361932e-02 -5.194031767558499268e+00
-8.595670573355391753e-01 -1.860087572595148231e-01 -1.695036636887107306e+01
6.594425873146292361e-02 1.398865445399906093e-01 -2.783328208342936705e+00
-5.181468051681974885e+00 1.249494229085985353e+01 -1.773775472478973825e+00
-1.244422693229694232e-01 1.148105224156211079e+00 -2.342079310269127745e+00
-4.889697372607486159e+00 1.312350847865900505e+00 -7.022829380252915144e-01
-1.049388621847640479e+00 4.271900098046899075e-02 -1.065516731176694520e+01
-1.614133601702974374e+00 1.289844997477337074e+01 5.852923063224807265e+00
1.962178411109789522e-01 3.851484641260299213e+00 1.179134970521863579e+01
2.562276909012723536e+00 3.247934501303348043e+00 2.601139959083775466e+01
-5.502105481097771644e+00 -2.525599077008905624e+00 1.679502973294711410e+01
-4.950204143233520426e+00 -1.312641209553544286e+01 -8.297867240682535339e+00
2.799738921141567971e+00 2.455020541018143376e+00 3.443776889889704762e-02
-3.885322094608056886e+00 -3.617667418723726769e+00 8.558562334498674318e+00
9.674569953634829744e+00 7.189278940168378540e+00 1.125323224064231908e+01
-1.648089147747270999e+00 1.594896538295643040e+00 7.913967799377587653e+00
5.183790222148900284e+00 3.732700025516692222e+00 7.055278570114751346e-01
-7.591781909767689740e+00 -3.990559851989360141e+00 6.189261942915436521e+00
-1.923506812753430495e+00 -1.133937166877103664e+00 -1.002657320397747753e+01
5.464106990547179521e-01 1.167819152728611698e+00 5.460562068764829746e+00
-5.555614126676857722e+00 -2.891421218351865718e+00 -1.608039087305314752e+00
1.531445257802488413e-01 2.325385035817362223e-01 8.220635783538909891e+00
2.626740486346250236e+00 2.876815311272821418e+00 1.374432969955842054e+01
-2.383195375085733758e-01 3.062827411500848029e-01 8.963521603571734886e+00
-3.225079718891549874e+00 -1.701313144835125968e+00 -4.436674807747067462e+01
1.365331539486589918e+00 -6.598685178699497555e+00 6.683275136791962723e+00
-1.295496225703686832e+00 5.150791507496592203e+00 3.566016624758958642e+00
1.150362292684837939e+01 1.385911480702372955e+01 2.724447756773770379e+00
2.885716475122364955e+00 2.680989462689694847e+00 2.125768500195727029e+01
4.233950459524749022e-02 1.589489093189513369e-01 -6.784266307790858264e-01
-1.906584707843990145e-01 1.399727519797863806e+01 5.053808937348549080e+00
-4.221232096865151107e+00 -5.790460584419179213e-01 1.368824572746643753e+01
-9.179191312396710600e-01 -2.992550807590532713e-01 -5.454887568713638757e+01
-8.778355830025930118e-02 2.268909300686345887e-01 -2.994762071003378878e+01
-6.225504144492788328e-02 2.062408940208797503e-01 -7.059401174612048635e+00
-1.934914540453911513e+01 -1.153799235316682825e+01 -1.525759950975134416e+01
6.553226796428589296e+00 3.576935040675039090e+00 -2.721680550864084580e+01
-1.523955932070180097e-01 2.570319412462822584e-01 5.209648150976590841e+00
-1.307346026718789744e+00 -2.820602832121608117e+00 7.680703837512737664e+00
-2.101822915343745990e+00 -1.471810108157455943e+00 -2.254925816952936657e+01
-3.811963434347944712e+00 -4.040583868420185354e+00 8.515097256127319270e+00
1.070911098574089237e+01 3.221641015563818655e+00 -8.918316801053606468e+00
1.894391030187932756e+00 -1.391510738644922185e+01 -1.541913609916264249e+00
1.037292881126631983e+01 1.174785223483081609e+01 6.890600261564486573e+00
5.046563876758682454e+00 3.645103871606011126e+00 2.107565301980230288e+00
1.054448803236601861e+01 3.435184863124277399e+00 -9.859331623964408209e+00
9.564851559409078163e+00 2.903222202102824667e+00 -9.668192498490498110e+00
-1.407152816023767627e+00 -1.250092846429083693e+00 1.714788451765434729e+01
-9.839002713994204896e-02 -1.048602929046865029e+00 1.236616918094296125e+01
-2.549818381876889362e-01 3.140045968664253451e-01 9.555578653071734152e+00
-7.727997915418427510e-01 6.311264684727575514e-01 -1.219180628975482250e+01
-2.144756017266900017e-01 2.888472239440034173e-01 8.276884708489887998e+00
-5.036090969664428485e-01 4.557877649890542671e-01 -6.942800122340486269e+00
4.378566654753967669e+00 -6.252960481326340414e+00 -2.189092035605426645e-01
1.437112841509247119e-01 1.287377931760147476e-01 -8.921966383060862427e+00
3.905867432183242727e+00 2.134018153401711970e+00 -2.650571435219808336e+01
5.543389516882427870e+00 5.640322107426982257e+00 4.326326240747994234e+01
-2.384638712602509258e-01 3.061610884165020252e-01 8.960263784604649118e+00
1.501623839312230757e+00 -8.992658394181262338e+00 7.444615057935607183e+00
3.822885834505768798e+00 -9.244425943015016855e+00 -6.088344312238859857e+00
-6.889274484252609909e-01 -2.162075019379017249e-01 -4.030990396307970514e+00
2.859014731056618075e+00 2.617130025202641264e+00 -2.196219744616428216e+00
-1.356636002926506990e+00 -1.195868717823714178e+00 1.879586667553076040e+01
-4.038930317339577414e-01 2.944453115994747350e-01 -1.811619131961879248e+01
-6.827540876737430153e-01 5.730795573579143820e-01 -1.266837571878249946e+01
-1.107068512850958086e+00 -2.628932848826934787e-01 -3.603638776612569927e+00
3.295690311112139170e+00 -4.876910412547204032e-01 6.888043492248471011e+00
3.513704384631637367e-01 -1.069572561259064969e+00 1.256252494058617231e+01
-4.185985791220900865e-01 6.934263881921310713e+00 4.060442200782745203e+00
-9.259811987504917852e-02 2.792057293298739751e-01 2.306179504096553501e+01
-6.565224592563936312e-01 5.232844130191551812e-01 3.765511262760492173e+01
-2.629882375859438071e-01 3.199305283292233071e-01 9.749130214109754888e+00
3.975399186112440475e+00 -9.369999484060826944e-01 5.695310606361545069e+00
3.486765517353376254e+00 4.064605797119270392e+00 2.182556995545837708e+00
-2.505701743190115849e+00 -2.432659565613448649e-01 1.528668017029258408e+01
4.357821770812279283e+00 -1.382189157901393628e+00 4.743635704931421060e+00
-9.471702220904091973e+00 -6.004061050330165017e+00 -3.281094079763988702e+00
-8.699652731905871406e-01 6.914827196148962685e-01 -1.929698574232907049e+01
1.141441023839604441e+00 2.074165008479781136e+00 -1.072842700031105778e+01
2.662743509754079696e+00 1.964941472831242208e+00 7.179350241406609712e+00
-5.144840269320411608e+00 -1.199475300572760261e+01 -8.514326630027426290e+00
-6.548615905041799579e+00 -2.552331749735799349e+00 1.546876750762385200e+01
-4.724969258307964992e-01 5.229421358366153072e-01 -9.320843015455466229e+00
-6.330601834999981747e+00 1.187708343713779868e+00 4.720294875369745569e+00
-9.560232416902181285e-01 -2.248606112198444862e+00 2.179649701403832296e+00
1.862631419080287287e+00 2.614395931563080921e+00 1.483712177194229298e+01
-2.847380971693951324e+00 1.225422245976392333e+01 -5.530143837067953427e+00
8.631201881656579644e+00 -4.726597119698681126e-01 4.546805705818769638e+00
3.416408999128691448e+00 3.595152022051252061e+00 -1.162601798306604906e+01
5.691855337709171181e+00 4.109947214262433590e+00 -4.965159675567065278e+00
-6.049270609995346604e+00 -1.299141673756446380e+01 8.232217219742778980e-01
8.658006724736537763e-01 1.967481746861380998e+00 -1.833968182458238516e+01
-4.578231322157250816e+00 -2.956150782170652747e+00 1.343785824019505526e-01
-2.668790631498154653e-01 3.205305443542556532e-01 1.004441645099404923e+01
1.208125279038711142e+00 1.876471068767500583e+00 -1.084232694951515441e+01
-9.649381193076123964e+00 -2.111862253921003685e+00 7.738870339450386382e+00
-7.550817925645105788e-01 5.956471703925672045e-01 -6.212574434242924326e+00
-4.377990919205672071e-01 1.639078046454187643e-01 -2.367273147370451625e+01
6.685366408026538920e+00 4.982696296437779893e+00 2.109373281286934798e-01
-3.318581181679860492e-01 -3.995986801053504678e+00 -1.290855358377029916e+00
7.880433376869689255e+00 4.922729746425375197e+00 -2.523740148490105639e-01
-1.835448787359723610e-01 2.764159641005790036e-01 1.222030961529026172e+01
-1.264323228548931866e+01 -5.573668112295308674e+00 -4.220583088728290022e+00
4.728980137146834295e+00 -4.776417953726877386e+00 9.020073312985914527e-01
-1.802064394067656394e+00 -2.907073182768954211e+00 8.372681081407790771e+00
1.402585317600721737e+01 8.841525129452406873e+00 1.392905628263497420e+01
8.670763762999229129e+00 5.278568115971438601e+00 2.718953414869520202e+01
-7.734760986118772053e+00 5.792423076885938826e+00 -7.426936763778940076e+00
-1.485356963042363532e-01 2.546648677183611653e-01 5.382951748561481509e+00
-2.252424875695680839e+00 -1.012599905639149256e+00 9.028842935772900091e+00
-2.305069577197969011e-01 3.023279963533695991e-01 8.639327378131838486e+00
-5.153450808565082752e+00 1.265543729893590807e+01 -2.035699993611160608e+00
-4.616388656302206073e-03 7.649197324830083744e-01 -2.594959640687329738e+01
8.367050535173348180e-02 1.314863201906746326e-01 -5.225764573826381820e+00
7.307682001093667168e-01 -2.235479041675034750e-01 1.228977538807566816e+01
1.363152138083023601e-02 3.703519864743043399e+00 1.126698518526927728e+01
3.583267063744244751e+00 -7.934570341439666663e+00 -1.595997528591396986e+00
-2.276235820905753826e+00 -1.763690068501091446e+00 9.286726111857205979e+00
7.324317493455680506e+00 -4.330280265291548858e+00 1.153713673024913078e+01
5.722443821764500171e-02 4.419485378171998491e+00 8.641904766554944217e+00
8.643470254029352873e-01 7.007102940675281388e+00 -6.812033743294705346e+00
-2.408000161271957040e-01 3.074827731999221214e-01 9.077483410097556771e+00
-1.898337068366629410e+00 -1.215967276942819808e-01 1.108331017666887419e+01
-3.049336880903069869e+00 -1.518716515551318480e+00 -4.852731280415946458e+01
-4.339521854031488601e+00 -2.983993878025330559e-01 1.541301344125076866e+01
-1.844706766576678092e-01 2.756035712694711037e-01 -2.702271785081074995e+01
1.707274692564965335e+00 1.826896548877698478e+00 6.825175833826506278e+00
1.321495317182609597e+00 -1.194894353484676230e+01 -2.546909523048270785e+00
-7.950156429522451162e+00 -4.226221816043448598e+00 6.135466691743658885e+00
9.844351807677753641e+00 5.623736097445203086e+00 1.022108096308238601e+01
-1.642801996578924673e+01 -1.006816134502150817e+01 -7.639952762190205249e+00
-1.781921584584438278e-01 5.367383805888721326e-01 3.184666233642929001e+00
-2.337218892912460433e+00 -1.775234706726905642e+00 -3.855803624004647645e+01
-2.637016587015068581e-01 3.509808421428033398e-01 -1.857201792661498985e+01
9.500808611866204956e+00 5.393795935690945953e+00 1.968318934280705435e+01
-5.118258112599960441e-01 6.260396400043759968e+00 4.654313731732599990e+00
6.751069197191554849e-01 1.586053003137521955e+00 1.509298427550265842e+01
1.308099086591028026e-01 9.472038980948127573e-02 -7.482732068367113243e+00
-4.301135261809804433e+00 1.470802201532796971e+01 -2.965704213178014470e+00
-3.000160306308430336e-01 2.254393449085227985e-01 -2.505472714629377151e+01
-2.423588206456201988e-01 3.086477527673423538e-01 9.215136571011043998e+00
1.253188338232178012e+00 1.212721382884524246e+00 5.151296077072856860e+00
3.219057340076574292e-01 -2.301153907373191032e+00 1.014010972837513691e+01
-2.373875538546599273e-01 3.062064504528052566e-01 8.944345833702300297e+00
-4.346210692467707304e+00 -9.246491030813785983e-01 1.060364788153401605e+01
-7.294233756803407687e+00 2.095501660803506638e+00 1.605977298264724595e+01
-9.320638389069699770e-01 -1.761919394234860192e+01 3.763073434052785160e+00
6.817827677699710875e+00 -1.899627719679642723e+00 4.241560440067132731e+00
3.513114674682697114e+00 4.384544238794660487e+00 1.512842852110088643e+01
-7.750439755375566619e+00 -9.772401983817644577e-01 -2.729512338064068899e+00
6.317612256321581299e+00 5.012196053375873817e+00 1.270175610652586329e-01
-2.201149275969669361e-01 4.244116692788111322e-01 1.382721851125234025e+01
-5.142423709934632825e+00 -1.271388767596181424e+01 -8.487212503813680087e+00
1.396390104420106582e-01 2.416810157969848660e-01 1.249722422749255202e+01
-1.001871888875143668e+00 -1.056911482562554738e-01 -7.835834282363066450e+00
-9.341467814828661176e+00 -1.725114699931873474e+01 -4.463791962498362409e-01
5.833329219221070616e+00 -1.126283354215274812e+00 -7.356955513308548689e+00
6.787235108070206024e+00 -6.368670788158624418e+00 1.894033825884434918e+00
4.380139930901805201e-02 1.761122543075543945e-01 8.119169156089355965e+00
-2.275068775950330746e-01 2.960762829936811613e-01 8.185026585082141537e+00
-6.917254612976080352e-01 5.781601054178509003e-01 -1.069254975345847924e+01
5.161486533688787404e+00 3.274650678744137622e+00 1.218206117108775288e+01
4.046759854866820660e+00 7.530797339634659693e+00 3.608471366867888719e+00
-5.252241075875872411e+00 -1.847000841808608129e+01 1.511384431003079953e+00
-1.122873055185777957e-01 1.982489279977244223e-01 -3.983660646998396260e+01
-4.924471497215051841e+00 1.043569554087116558e+01 5.893604562098516908e+00
-3.720138298035067237e-01 2.903421092295275230e-01 -9.557406034502491821e+00
-1.203205097563682102e-01 1.990077111496475482e-01 -3.858288226444665270e+01
1.680337890675048129e+00 2.790499603930811645e+00 3.389538334851158652e+01
4.913296399986620600e+00 -5.549890157657046075e+00 -2.370822345966189459e+00
-5.933034515924703101e+00 2.005376489177024268e-01 4.554290441800276312e+00
-1.174464127254907453e+00 -2.076402628188134258e-01 -1.482365627784020035e+00
-1.308486259879941827e-01 2.518771643997297360e-01 -2.913003186393871147e+01
7.354905939263687742e+00 5.006033002178014613e+00 -8.082304139225016115e-02
1.970768327769519601e+00 5.916028439936553696e+00 5.859686130447698815e+00
-4.938541972618395448e-01 5.050942364825914410e-01 -2.408864599094158621e+00
-5.175597791809025239e+00 1.132330068991859662e+01 1.769158009406055498e-01
-6.822014921186791980e-02 1.293051363351992222e+00 -2.014857549650378132e+01
4.486858206748593147e+00 -6.723373044887921424e+00 -1.860478819039599330e+00
2.140842976614862891e-01 -3.496734291990378551e+00 4.246055405477363820e+00
-7.239510645799327904e+00 -1.528183461001833621e+01 2.675188709226858919e+00
9.578864304788965001e+00 -1.228251025974486765e+00 2.087667863352180575e+00
-4.429786082181408347e-02 7.232134639721152780e-01 -2.647136291929200524e+01
8.386900511607564113e+00 -2.632801940133504104e+00 -1.163305560082790180e+00
-3.921378727695071120e+00 -1.577950357163422268e+01 3.124829584007329686e+00
2.942957179138375068e+00 -8.813441236598123396e+00 -2.449607955290503014e+00
-2.188612858678311568e-01 2.955443100230468190e-01 4.105309378456240665e+00
6.197522451080317296e+00 -7.312945387127456343e-02 7.875306973027818458e+00
-2.501837718988326742e-01 3.124519780801620072e-01 9.469102116692283744e+00
-4.651895141729482930e-01 4.414368662479546401e-01 -3.068098700459813699e+00
-2.571839588565580925e-01 4.476658985894346188e-01 1.482720398128913075e+01
3.528024351233966627e+00 7.765427233168793464e-01 4.217662894605837209e+00
-6.070592825466292197e-01 5.455901633901021341e-01 3.647895750405677973e+01
3.087775483346035799e-01 1.627412870644434406e+00 4.007470302210367663e+01
2.329899572242766226e-01 -1.283152174551332791e+01 8.087807493754098687e+00
-4.452920755448417367e-01 4.248199276049717810e-01 -3.236309378519763413e+00
1.296997755696565946e+00 1.322364216501080136e+01 -4.415825416571806272e+00
-8.120874387563503660e-01 1.083826103639466965e-01 -9.075661209521058481e+00
-8.282404474830400432e-01 6.658696644192332315e-01 -1.343317964996731462e+01
-1.960549039173542951e+00 -7.521434649526099747e-01 1.860465919058697182e+00
-1.557173314070041670e-01 2.491059563669750787e-01 -1.107242207098806830e+00
9.685023879330856289e-02 1.181890578369575451e-01 -3.228989595397706580e+00
1.701253913208120139e+00 -1.012778355594070945e+01 -3.857356893005089660e+00
-1.096678544638848507e+00 1.323938072967894186e+01 5.773250832282883493e+00
-7.631397397312298381e-01 6.241015385860464448e-01 -1.059425846854628617e+01
-6.821856192307961919e+00 -1.853371115035702132e+01 1.871064140255839447e+00
-3.822244117812942932e-01 4.288922013139426781e-01 -1.697263500484905308e+01
-6.216431737237826383e-02 7.684559093999041579e-01 -2.349069187673649139e+00
-1.520265115325287297e+00 -8.748436491889606259e-01 3.086127519442470657e+00
-1.510202987442994527e-01 3.148726612872678743e-01 2.527183344709374069e+01
4.708808467868266234e-01 1.278401487553878724e+00 -3.063221631348460505e+01
-1.712476430906235692e-01 2.707415857477144527e-01 -2.753871101316099157e+01
-1.691362430170784137e-02 1.405298606903215841e-01 -4.568564928145633530e+01
-8.246197322259263274e-01 2.672301517598043574e-01 -6.258369471748665092e+00
-2.195004781968350471e-01 2.950906896605829388e-01 1.336398964470436113e+01
8.110981805769483799e-01 1.480965660430911157e+00 4.873969082722396706e+00
8.043903722141692469e+00 6.581817355540124481e+00 -5.380820261373628455e+00
-7.627397290478938885e-01 6.262149970931432108e-01 -1.296357947923661413e+01
-2.551241100287029440e-01 3.143200692094296755e-01 9.573640991141928680e+00
-2.905415507866564440e-01 2.572195751235994976e-01 -2.297748229387707397e+00
2.704616793034801958e+00 2.124669450112605773e+00 4.748976053744627279e+00
-1.946420788539171554e-02 2.101399672277466379e-01 6.352462177880624949e+00
-9.384763778268734313e-02 1.001315736760034270e+00 -2.455778603916860447e+01
8.100956792280499030e+00 4.431458893831404566e+00 -8.250697225130352308e-01
-7.431198239529862803e+00 -1.730578763389326014e+01 2.347860379464236757e+00
7.405847505973156331e+00 5.707358949362401290e+00 -2.736093306927386948e+01
-1.784939813348665893e+01 -1.086520943633763636e+01 -8.937306998956955795e+00
-8.150710201181254888e-02 1.888053768146846778e-01 -4.341808356571937111e+01
5.269767776129640424e+00 4.683809963404087284e+00 -3.797224739919192871e+01
5.466987476372025867e+00 4.827962266965528215e+00 2.295775102509287535e+01
-7.395824098897378462e+00 -3.860195545537408179e+00 6.191055805258201872e+00
-7.498218582701952073e-01 6.031298444631829625e-01 -8.610267336697688734e+00
1.972191046179148088e+00 1.085810776919743148e+00 2.003664208162899740e+01
-3.378438450423573158e-01 3.118169095725988882e-01 1.211030667738259581e+01
-2.383648995448197638e-01 3.059342782353269286e-01 8.910035639010857267e+00
1.127010947378403216e+01 6.798903565749469635e+00 -5.596454886423543940e+00
-9.978326057380400016e-01 -5.603007040195734589e+00 -7.950373423895598535e+00
2.083424944797798162e+00 -1.612947786703978181e+01 -8.820196971146287979e-01
-2.650666436105098001e-01 4.494659466643042833e-01 1.416265015021781437e+01
-2.378681855956244817e+00 -8.450284199079760583e-01 -1.299890001019002739e+01
-2.472847254002772388e-01 3.110663740637846786e-01 9.379244046700932813e+00
9.733676686869273453e+00 5.524090137177836368e+00 1.349366321105890165e+01
1.111648887611067948e+01 1.385682814801452878e+01 6.206623231335015589e+00
4.978217724981846004e-01 -1.875686769278672728e-02 -2.967374360875965067e+00
-1.433349391958472552e+00 -4.667214090425204631e-01 -5.230702199831011967e+01
-2.339309670401462427e+00 -1.757011539618588358e+00 -3.786643014008359387e+01
5.242492820878624116e+00 3.145451351859492206e+00 2.456321658353772364e+01
-3.245754494390666878e-01 -7.361121089595599187e-01 2.696765193410737993e+01
1.360978845917259150e+00 1.219980038772769149e+01 -4.798619145205066161e+00
-2.385216047609901580e-01 3.063136698110611178e-01 8.959913259779568762e+00
2.126186911606964713e+00 -5.123687022243188949e+00 -4.463434935527857306e+00
-2.417278759595546944e-01 3.081178417074852405e-01 9.117113334494661103e+00
-4.836271199980615165e-01 -2.189106669162583785e-01 -2.349460950713819329e+00
1.936899385453330069e-01 -1.257431253748109157e-03 1.136216298496583477e+01
-6.441901711285140664e-01 5.966533828329829703e-01 3.069034279418701772e+00
-2.228923213618827504e-01 7.695271835436301444e+00 7.584185795835765020e+00
2.036879371783243187e+00 -3.351091226964967973e+00 -6.308865665738721873e+00
-4.139675241259510585e-02 -2.270542675739761762e-02 1.172417265335297998e+01
1.157063708776564681e+01 6.559295104541774890e+00 -1.598442304512991541e+01
-3.965278865754271465e-01 4.616229723794731399e-01 1.079983868831777727e+01
-1.831056917486648672e-01 4.132814751114892715e-01 1.378121728267251456e+01
5.269518284930256868e+00 2.854996171836319263e+00 -2.701824350450806378e+01
3.248526164876011535e+00 4.454783228107203286e+00 1.540676585171240731e+01
-2.383669614555401495e-01 3.062971745251843458e-01 8.963645318216094893e+00
3.640367561307584765e-01 -1.266669260106459660e+01 8.112199897792834236e+00
6.347363566369722321e+00 4.033087429568013249e+00 2.689092823552209666e+01
-1.933676156516526135e+00 -5.185289782621111954e-01 -1.875888889685984395e+01
-3.349551084452400573e+00 -1.506077002723259284e+00 -8.697630494694749359e+00
-1.057931118037856777e+00 -1.150749040278924440e-01 -1.036759262104487789e+01
-2.331008414290067776e-01 1.093929466259169203e-01 2.105596820501887123e-02
-1.727858250239933113e-02 2.344952568728331244e-01 1.947949318093469628e+01
6.735031651988720114e+00 -9.062609831139525340e-01 4.967043733465743571e+00
-1.254185844054575227e+00 -3.117997456930652334e-01 2.038716690720139013e+01
-7.918485480576634927e+00 -2.370871233268985634e+00 1.275669507484553833e+01
-1.114461287961091784e+01 -3.327954526566372806e+00 7.673027027417447243e-01
7.376419915910958025e+00 4.727359580115489734e+00 2.822644844006117637e+01
-1.125655401361296981e+01 -1.667132120432074771e+01 -6.973962095748902357e-01
3.764805932819115242e+00 -4.547271627607074151e+00 -3.857026987287099473e+00
-4.787857535836792522e-01 5.185543897846400796e-01 -1.090824623583011999e+01
-9.919994602583983578e-01 -1.271967657455547851e+00 2.636210998837668740e+01
-6.167688202150429788e-01 5.830200290289440090e-01 5.357528389153685566e+00
-2.373937395868779276e-01 3.051837427262853453e-01 8.916365704978943540e+00
2.440162307426135158e+00 2.704456068806507574e+00 -5.542061681137511187e+00
1.749807787282122717e+00 2.580792972255153472e+00 3.163441574713851878e+01
-5.175781301864731176e+00 -1.256940959050371021e+01 -8.522203129049103154e+00
-1.926634731343995099e+00 -4.759980401318216536e+00 1.007080890844872556e+01
-2.396309127383915438e-01 3.070291528374582413e-01 8.967830997015880712e+00
-1.787651638004433607e+00 4.430739286983680358e+00 3.138520671311653132e+00
8.000339675532472938e-01 1.598626534821960377e+00 1.176357576756890921e+01
2.993321410840906083e+00 8.513097801265871567e+00 5.220019561992103263e+00
-1.543589449601086017e+00 -2.320447206154995001e+00 8.152056632371113665e+00
7.625882248538800923e+00 -3.902390486893409616e+00 1.148080532886888250e+01
-2.254697097852158549e-01 3.001320614166615997e-01 6.114703250605543872e+00
-7.112162914758016541e+00 5.379356374788017092e+00 5.446747266815691546e+00
-2.311894501742699504e-01 3.032826610252641331e-01 6.874434881372962991e+00
-5.209910044933963036e-01 4.880319251203673048e-01 -3.188658621349532041e+00
1.368581110810737300e+00 1.364541932482893571e+00 2.107716471678759262e+01
-3.381386982779872596e-01 3.724680139504243925e-01 -5.472534051029924740e+00
-4.757910347745848867e+00 -1.025066312641138211e+01 2.791191807384166168e+00
-2.154467616846318379e-01 2.914885316001800675e-01 1.328982271543463867e+01
-4.239038754527086894e-01 4.204857912322950142e-01 -4.998335819351723330e+00
-2.395773030592067698e-01 3.075838068261873559e-01 9.000635996867913491e+00
-1.307655726059459766e+01 -6.444856328041510096e+00 -3.745436378110753139e+00
-4.060745332954525111e-01 -8.011262164602612756e-01 1.579096167964735287e+01
-4.637447336660954988e+00 -1.137697145303491197e-01 5.846943522082710842e+00
-1.679050799399021798e+00 -5.110834185848034394e-01 -9.858238811273167812e+00
-1.987401302723128538e+00 -1.233886228023152398e+00 -1.352246038495150060e+01
5.424505929423389716e+00 1.457711431120173984e+00 -7.238766789768305898e+00
-1.099285006351311722e+01 -3.778844919254197521e+00 -4.174829289437184343e+00
-4.381762157423736426e+00 -9.299461517690588153e-01 1.021982319753169577e+01
8.795765039619993786e+00 5.302451228057520893e+00 2.669527352553041055e+01
9.787255437413477921e+00 1.040923091654042310e+01 -4.250336460687321960e+00
-2.444928982601481948e-01 3.080910368679496969e-01 9.446070573741053522e+00
-1.086062385166411559e+01 -2.719420748353968520e+00 2.420563352109184052e+00
-2.817540999484037911e+00 2.153499086060492118e+00 8.867292229398572090e+00
-3.346994311658590959e-01 3.910726345453667818e-01 -1.891988288733455192e+01
-5.268647699623386416e+00 -1.100472450264783220e+01 2.859008051578712184e+00
-1.060005361989624362e-02 7.524802249968161050e-01 -2.609520854323773165e+01
-1.850929616663279376e+00 -4.423248811825715165e-01 1.504023409666388034e+00
-1.373982857970872828e+00 -5.914466904913751932e+00 1.100363144358198042e+00
-1.742029801000740008e+00 -2.873351747788319699e-01 1.126442841595326172e+01
6.636967177257929507e+00 6.537939999827813153e-02 5.746982089472112420e+00
-6.753559519433451896e-01 2.314374432473869092e-01 -5.253084891113758204e+00
-2.374494111768399307e-01 3.051239473148825709e-01 8.877395592017819581e+00
-1.752832151360564694e+00 -5.525216386997726659e-01 6.879713372863989207e+00
-1.671687716151268432e+00 -6.068426771097392702e-01 8.755323974146449473e-01
-4.856176889729056256e+00 -1.325324641080283072e+01 -8.209658699282499583e+00
-7.268727917488604362e-01 5.817931921394574601e-01 -6.712422835509642027e+00
9.293069043035131926e+00 -9.156035006709544177e-01 3.107385819158025697e+00
-2.526374456778626154e-01 3.135901528078193223e-01 9.536897741779284843e+00
7.351623377367786816e+00 4.653256570078724508e+00 -3.486652463448081107e-01
-6.909815242508557276e+00 1.274789019939703394e+00 1.493524810399503622e+01
-6.513924253386562668e-01 -6.509212581204337766e-02 -2.106573401216883212e+01
1.638891426394479822e-01 2.304600975572839161e-01 1.174675057594140526e+01
-1.343559361544635067e-01 3.711772578280942980e-01 4.955428673861206335e-01
-1.246806265520888246e+00 -2.311728500790195540e-01 2.199267370386132825e+01
-5.035202289613437188e+00 1.039273356872047316e+01 1.668316457322816859e+00
-3.247733928699858552e-01 3.759423335450264858e-01 9.764326496253943333e+00
-3.883338533000255666e-01 -1.008561748133502078e+01 -7.046019373918170459e+00
-7.076941355520148136e+00 2.785404622495661897e+00 1.681969018538165983e+01
8.251348437737078712e+00 4.408023216375795528e+00 -8.938550647544616368e-01
-4.013403862394966382e-01 2.111296843821719449e-01 -2.400655482229421978e+01
1.095701661401449201e-01 1.459444382901438075e-01 1.309676601297360321e+01
-3.172410270983164082e+00 -8.179762456927846870e+00 2.333921862870738551e+00
5.978551654455770858e+00 3.979997351868973965e+00 9.493886283770734735e+00
8.876136296549930194e-02 1.242015895509211987e-01 9.313840238070952182e+00
-1.303925316803372425e+00 -4.185366169906501455e-01 -4.946698738509076065e+01
-6.851294053672063455e-02 9.478318341098201927e-01 -2.478142087788364734e+01
3.381490540769391373e+00 -8.237827925239230353e+00 -1.878066917640353495e+00
-8.322405543160016350e-01 6.703378249899287766e-01 -2.014086395034155430e+01
7.439209221724695453e+00 4.627123913376863129e+00 -5.304385230291700282e+00
-4.007218130179239779e-01 4.075802919192028639e-01 -5.221372703953420569e+00
-1.813097678430267479e+00 -1.721631101738898906e+01 3.839735275316343177e+00
1.225284500205873428e+00 1.531049472272911771e+00 2.280434486613603440e+01
-1.793224982731032924e+00 -4.609377494205091352e-01 -6.007476173068425851e+00
-2.289007292543487893e-01 3.014351890034276948e-01 8.587470323054731125e+00
9.503843747950782017e-01 1.345030071163023422e+00 1.008938022206166352e+00
-1.046555556492705819e+00 -1.040522300861994154e+00 -9.265192044619197986e+00
-2.045825540025703049e-01 3.122148583451007653e-01 2.642012565441746119e+00
-2.507611069056565611e-01 1.566993647030585635e-01 1.949437367431983148e+00
-2.374885874808683184e-01 3.063425365613738904e-01 8.945686075682715455e+00
-1.571709784777794994e-01 2.199196098611082562e-01 -3.119268489046771720e+01
1.659535273232734198e+00 2.743828254361233121e+00 3.371595587603360400e+01
6.462356328264945660e+00 1.464373464716800299e+00 6.983654293200288521e+00
-1.146267497903693311e+00 5.374461398694506897e+00 3.734330398355723446e+00
6.049229830755677995e+00 2.148187603997712358e+00 9.954826429398508481e+00
-1.513646378376733992e-01 2.557308755702933922e-01 6.384442413437227515e+00
-2.508924509674614001e+00 -1.032532396749729742e+00 -4.532862943705731595e+01
2.578594870598465150e+00 2.818320965527732369e+00 1.203601603346851334e+01
-5.940878020896889211e-01 -7.234131015872776516e+00 -6.564645692870271887e+00
-1.200971845867809407e+01 -1.457780343594470196e+01 -1.375187507588179869e+00
-2.369834193499400499e-01 3.048394036329682422e-01 8.872715054641048482e+00
-4.415187788931120849e-01 6.690017068312954507e-01 3.268671189261522159e+01
1.172815057639127190e+00 -1.271324435981136958e+01 8.228093398270175385e-01
-5.624929379978482302e+00 -4.363229598895372874e+00 -8.563173295426622644e+00
1.496860412776015892e+01 9.134450478540543372e+00 1.480670858854682592e+01
-2.428887317054773121e-01 3.090188967003086873e-01 9.146701753594697948e+00
-2.028363221457368581e+00 -1.333888898848272220e+00 -1.687228180919828446e+01
-5.194530256211464803e+00 1.154061783413078501e+01 -1.836505299293094140e-01
-2.373586871043471547e-01 3.060456214151372478e-01 9.038142153204262286e+00
-2.406907348580489270e-01 3.556366365907024374e-01 2.955093742214921804e+01
-8.818068265627516666e-01 3.915138834435083481e-01 3.490901866763897488e+01
8.932426459716680256e-02 -9.808382326207265578e-01 -2.335439957691050950e+00
-1.972875138092149427e-01 4.120381429361259507e-01 1.373544286427477346e+01
7.512021475639073742e+00 2.089293247569344203e+00 -8.661134674620370788e+00
-2.371236292801768286e-01 3.049589944558874777e-01 8.874859441809348937e+00
-5.118555031223934293e+00 1.086943289812404601e+01 9.185850936373753939e-01
-1.957513700722876138e+01 -1.181047591919173101e+01 -1.170779336296163819e+01
7.446510447650325659e+00 -3.089634759570230926e+00 -1.922501094058588933e+00
8.291996949516260429e-01 2.756035712694711037e-01 5.065025731767036632e+00
-2.621179054108949913e+00 1.531502585577231912e+01 -3.675743795143716852e+00
-5.034338310764496782e-02 -1.872376560596649142e-01 -2.213931557861542387e+00
-9.268307094521901490e-01 2.620093937695173736e-01 -6.639740481971784902e+00
7.396857575152580466e+00 6.308267781663175811e+00 3.981326685740441462e+00
-5.126320183588291002e-01 -1.506829488627943192e+01 -1.156487137682233879e-01
-5.622374669095506761e-01 4.444114901945340534e+00 3.254358816609965288e+00
-8.037210300908839145e+00 -4.305428055158472489e+00 3.942562763853857177e+00
-3.154851039132665846e+00 -2.733574818814759055e-01 1.613934211805235464e+01
-2.118633673596093558e+00 -1.020272275497745795e+00 -1.883860886815909907e+00
-2.175416629950746028e-01 2.900802465655942797e-01 7.783407611405436910e+00
5.795689038686759886e+00 3.605496628227115252e+00 2.582038418000820457e+01
-2.391092493214728165e-01 3.073755538415525734e-01 8.991501732295546390e+00
-2.235253279586686403e-01 2.936844665368880669e-01 -2.403360709118533123e+01
-9.648335804331622967e+00 -8.873053137963552217e+00 -2.741347705703901738e+00
-8.740206656057125656e-04 2.358169416562532206e-01 1.723829930354486351e+01
-2.266986085854796329e-01 2.982062367867683861e-01 5.573204252417781390e+00
1.110629891671806035e+00 7.093553618976784492e-01 2.610764951486999053e-02
4.364149774869247267e+00 2.370748187218282510e+00 -2.671343124001077740e+01
-8.159617690342884089e-01 6.613540799015709126e-01 -2.017558652718071244e+01
-5.878690758248694692e-02 2.580608347049064832e-01 2.182038044253886255e+01
-2.385236666717105436e-01 3.062043885419143407e-01 8.961954551410599379e+00
1.154048782894494707e+01 6.919684111088145073e+00 -9.281316186595631734e+00
-3.696741800360712205e+00 -6.281783826727860287e-02 2.731499491500017029e+00
1.051214283860861087e+01 1.167032851487851985e+01 -3.039561855836382165e+00
1.168153077459010092e+00 6.945920810087500286e-01 4.466755828798341099e-01
-2.607906534684161670e+00 -9.961437960338344055e-01 -1.193982017838334286e+01
4.393851599059644286e+00 3.800343069209247915e+00 1.189052761174843909e+01
-2.381648942031802108e-01 3.069013143716574632e-01 8.969047524351481115e+00
-2.316669890490970829e+00 -7.222808117245449466e-01 -2.665778026917496391e+01
2.173724263686779068e+00 2.560027469206033857e+00 -8.067943574214496039e+00
6.454011775505591686e+00 5.127487792328224714e+00 4.313762051988305757e-01
8.818147080688163442e+00 7.835471456111690713e+00 5.278577826969922171e+00
1.232220806178929706e-02 2.125915790959425067e-01 1.911962789971585153e+01
-9.285915812230314259e-01 1.896198315564561199e-01 -5.936092823295894050e+00
1.988570868564352168e-01 3.898747759211914854e+00 -7.939527773410191003e+00
6.464653296827805207e+00 5.561998366108127811e+00 9.426791708334803843e+00
-5.028729948327281818e-01 -1.985451745504178689e-01 -2.555157166002572922e+00
7.611566440533579225e-02 1.344822764939408444e-01 -3.102759419976791833e+00
1.493712291285760330e-01 8.908931158225641411e-02 -5.998341908496058750e+00
1.728500001708766831e+00 2.232426967225819681e+00 -3.833376871114523965e+00
-1.208172244010540908e+00 -6.168438636327095992e+00 1.032584664771366079e+01
3.946142734641568950e+00 -7.294097565885408585e+00 -1.040271346306781197e+00
-8.282940571622248171e-01 -5.133120263872569922e+00 -5.463317310027832718e+00
-7.038532082280312352e+00 -1.101996820873876004e+01 -8.903291973915656854e-01
4.629094998711025255e-01 1.469913818871646072e+00 1.897739729696286304e+01
1.360185010282918938e+00 -9.715135421722834508e+00 -6.940861926246725488e+00
9.124266600070427558e-01 -1.088400581463133676e+01 -4.607047018475896039e+00
1.135211372577140310e+01 6.853931839542951820e+00 -6.504850281448852911e+00
-3.344212797550028426e+00 -1.626002980736882364e+01 3.440425641666934098e+00
1.164326171128038823e+00 9.255915578244412245e+00 -5.968629774752116646e+00
-1.095490880576335258e-01 3.652616359188414208e-01 1.353104565275089044e+01
1.257268446854112653e+01 8.354310055281416680e+00 1.296218509906111649e+01
-2.997789112436521464e+00 3.021041843620764666e+00 8.168655013816987775e+00
3.393826952718882239e+00 3.496598874475353114e+00 -1.258400233135625967e+01
-7.150477336626863689e-01 8.396628711281778124e+00 4.173208099080056854e+00
-7.057690970896146609e-03 2.151689675192756113e-01 1.959792933376320434e+01
4.250140544396344922e+00 -6.609499900523701399e+00 -4.923804248292071861e-01
1.062999757086231511e-01 1.451361692805903658e-01 1.148560958089001360e+01
-1.068604186942155820e+01 -2.494008542581809706e+00 3.372506301935118245e+00
-4.380980689776379222e-01 1.369152682600679327e+01 4.824833749819845252e+00
7.303801481605944446e+00 4.109070902198482145e+00 -5.243930007433846185e+00
3.474851797105372953e+00 -6.951047166740409011e+00 1.060444552457738610e+00
2.993692554773929260e+00 2.909026480832153538e+00 -6.289854848728282377e+00
7.752399029552464071e+00 4.514669363600887664e+00 -6.273943399974086788e-01
6.805860347772522800e+00 -4.118147879827347424e-01 -7.635581511424334167e+00
-2.245769024353876375e-01 2.950164608739669347e-01 8.709576676998494804e+00
-6.276208629714062681e+00 -4.862412002993437454e+00 -2.895991011103888013e+00
-7.977695305870611264e-01 6.358853584575854256e-01 -1.395614207061453271e+01
5.839267522148361422e+00 -9.576135833097282557e+00 9.506684247312477964e-01
-1.779591625449938874e-01 1.396807235618689447e+01 5.281320168252932490e+00
1.177064036750527976e+01 8.694162430870846947e+00 1.410248359486377012e+01
-3.338167275264254386e+00 -1.639659951838325469e+00 5.570235100954050722e+00
4.874322163204396929e+00 6.567010774525897432e+00 2.332313572494967957e+00
1.267234074183932080e+00 1.718984388459148249e+00 2.167198472667723763e+01
-2.300904517505841795e-01 3.022331484593223649e-01 8.729968974203529797e+00
-1.313907026689150825e+00 -6.089850023672624957e-01 -1.761652849031861479e+01
8.961293210057874603e-02 -1.296873477267922681e+00 -2.317975573734202044e+00
-2.500250012946025890e-02 2.507678564222715067e-01 1.626229385539863870e+01
-4.574472458880677550e+00 1.887167146529691308e-01 5.209648150976590841e+00
-1.043240622945859286e+01 -1.709738619171503160e+01 -5.390620839525581687e-01
-4.691360113267251108e-01 5.047890736933595690e-01 -1.246484450976913649e+01
-2.614236600651850040e+00 -3.066877450747597322e+00 -2.377688508726350847e+00
-2.439299966284806942e-01 3.094168454728105644e-01 9.272560785082987422e+00
1.505135273300140852e+00 -8.614561698211105067e+00 7.326900573865259503e+00
3.078171099647704523e+00 3.784507594736282954e+00 4.454125530241026354e+01
-8.986198532646312742e+00 -3.872111327696188710e+00 -5.649054229366811342e+00
-1.534756223996680546e+00 -5.355974753567807056e-01 5.768075436328672367e+00
5.710210467104673171e+00 3.098229472122625339e+00 -2.711808122247384745e+01
-2.870734169242723510e-01 2.684219361667601333e-01 4.403461671266995836e+00
-2.146110696099469806e+00 -3.551991437875813062e+00 9.812369016464344895e+00
3.357432204524002373e-02 1.667491176432349675e-01 -7.632921646571048768e+00
-5.915021660234174306e-01 3.148441122430654104e+00 -2.278036362726652442e+00
-1.216824021470017669e+00 -7.173147839057492092e-02 2.509642670055609415e+01
-1.829555849946245871e+00 -4.428218016706750859e-01 -4.101796411073792115e+00
-3.778779042919893527e+00 -2.315108919252566011e+00 8.536458651380144147e+00
-2.912178575089683363e-01 2.251218106547412390e-01 4.255993815237616218e+00
6.695251208107663388e+00 5.029951166746513991e+00 6.534581087134938571e-02
-1.120843520270477711e+01 -3.510070730647953496e+00 4.098086188728302659e-01
6.934125632569703157e-01 -2.693890169587916716e+00 4.336325857616429857e+00
9.214083466616784790e-02 1.615469168496019847e-01 -6.828611505633489287e+00
-4.029148616272777872e+00 6.950600400703820014e+00 5.494294928449107829e+00
4.893778352934418763e+00 -8.884414266133603633e+00 -4.518405475820600259e+00
5.798588085185258478e+00 7.450646745401286353e+00 9.688345085533910606e+00
